0.4988 -0.865638 0.0432241 0 0.866552 0.499057 -0.00541528 0 -0.0168836 0.0401571 0.999051 0
0.497051 -0.866693 0.0422242 0.398347 0.86758 0.49726 -0.00616232 0.76193 -0.0156555 0.0396958 0.999089 0.000889933
0.4953 -0.867743 0.0412276 0.796615 0.868602 0.495462 -0.00691335 1.52371 -0.0144277 0.0392346 0.999126 0.00177957
0.493545 -0.868789 0.0402342 1.1949 0.86962 0.493662 -0.00766852 2.28552 -0.0131998 0.0387732 0.999161 0.00266914
0.491788 -0.86983 0.0392438 1.59325 0.870633 0.491861 -0.00842794 3.04746 -0.0119716 0.0383117 0.999194 0.00355873
0.490027 -0.870868 0.0382564 1.9917 0.871641 0.490058 -0.00919164 3.80959 -0.0107432 0.03785 0.999226 0.00444844
0.488263 -0.8719 0.0372724 2.39007 0.872644 0.488254 -0.00995926 4.57156 -0.00951496 0.0373883 0.999256 0.00533784
0.486498 -0.872928 0.036292 2.78834 0.873643 0.48645 -0.0107308 5.33333 -0.00828704 0.0369267 0.999284 0.0062269
0.484729 -0.873951 0.0353145 3.18669 0.874636 0.484644 -0.0115065 6.09529 -0.00705883 0.0364649 0.99931 0.00711605
0.482957 -0.87497 0.0343403 3.58505 0.875625 0.482836 -0.0122863 6.85724 -0.0058306 0.0360029 0.999335 0.00800508
0.4813 -0.875845 0.0353002 3.98114 0.876538 0.48116 -0.012919 7.61615 -0.00566999 0.0371598 0.999293 0.00917773
0.479412 -0.876988 0.0324939 4.38148 0.877583 0.479224 -0.0138503 8.38066 -0.00342531 0.0351561 0.999376 0.00979587
0.47801 -0.877826 0.0304522 4.78361 0.878354 0.477752 -0.0157254 9.1539 -0.000744442 0.0342647 0.999413 0.0103566
0.476287 -0.878894 0.0263733 5.18763 0.879289 0.476032 -0.0156532 9.93747 0.00120303 0.0306452 0.99953 0.0120303
0.475046 -0.879597 0.0252929 5.59634 0.87996 0.474815 -0.0148666 10.7286 0.00106723 0.0293191 0.99957 0.01597
0.473607 -0.880342 0.0263303 6.00752 0.880736 0.473414 -0.0135433 11.5274 -0.000542355 0.0296042 0.999562 0.0227077
0.47224 -0.88106 0.0268911 6.42473 0.881468 0.472087 -0.0121914 12.3303 -0.00195355 0.0294609 0.999564 0.027769
0.471182 -0.881605 0.0275675 6.84096 0.882033 0.471037 -0.0119259 13.1406 -0.00247142 0.0299347 0.999549 0.030696
0.469681 -0.882419 0.0271547 7.26192 0.882834 0.46952 -0.0124222 13.9532 -0.0017881 0.0298076 0.999554 0.0322673
0.468737 -0.882895 0.0279664 7.68254 0.883337 0.468524 -0.0141462 14.7702 -0.000613313 0.0313346 0.999509 0.0342921
0.467989 -0.883258 0.0290008 8.10796 0.883732 0.467809 -0.0131309 15.5927 -0.00196888 0.031774 0.999493 0.0376314
0.467858 -0.883311 0.0295124 8.53346 0.883784 0.467808 -0.00899992 16.4216 -0.00585642 0.0302933 0.999524 0.0450861
0.468419 -0.882975 0.030625 8.96152 0.883454 0.468487 -0.00537869 17.2536 -0.00959815 0.0295753 0.999516 0.0532819
0.469597 -0.882273 0.0327695 9.39344 0.882795 0.469745 -0.00349201 18.0901 -0.0123124 0.0305686 0.999457 0.0563911
0.470832 -0.881587 0.0334927 9.82804 0.88212 0.471018 -0.00261426 18.9303 -0.013471 0.0307754 0.999436 0.0538361
0.471952 -0.881038 0.0321392 10.2659 0.881553 0.472064 -0.00449097 19.7741 -0.011215 0.0304519 0.999473 0.0470773
0.472921 -0.880637 0.0287173 10.7076 0.881083 0.472885 -0.00847845 20.6238 -0.00611354 0.029312 0.999552 0.0391034
0.47407 -0.880062 0.027376 11.1526 0.880484 0.473928 -0.0118723 21.4774 -0.00252595 0.0297324 0.999555 0.03438
0.474742 -0.879618 0.0298794 11.6016 0.880118 0.474597 -0.0122209 22.3356 -0.00343097 0.0320992 0.999479 0.0368049
0.474445 -0.879633 0.0338753 12.0536 0.880247 0.474432 -0.00892333 23.1971 -0.00822228 0.0340522 0.999386 0.0413668
0.473572 -0.879903 0.0387328 12.5072 0.880669 0.473683 -0.00686079 24.0624 -0.0123102 0.0373598 0.999226 0.045195
0.472711 -0.880045 0.0454451 12.9657 0.881133 0.472752 -0.01052 24.9276 -0.0122262 0.0450161 0.998911 0.0424611
0.471465 -0.880678 0.0461235 13.4235 0.881846 0.471289 -0.0153004 25.7974 -0.00826272 0.0478874 0.998819 0.0327878
0.470254 -0.881462 0.0434302 13.8798 0.882523 0.469893 -0.0188114 26.6737 -0.003826 0.0471743 0.998879 0.0257035
0.468604 -0.882402 0.0421407 14.3445 0.883405 0.46819 -0.0198371 27.5712 -0.00222553 0.0465231 0.998915 0.033762
0.46759 -0.882887 0.043253 14.8274 0.883935 0.467264 -0.0179786 28.5105 -0.0043375 0.0466395 0.998902 0.0688532
0.466553 -0.883494 0.0420298 15.3027 0.884463 0.466407 -0.0138087 29.4393 -0.00740303 0.0436163 0.999021 0.0959254
0.465384 -0.884098 0.0422959 15.7778 0.885069 0.465287 -0.0127026 30.3689 -0.00844939 0.0433464 0.999024 0.120475
0.464402 -0.884595 0.042702 16.2488 0.885561 0.464406 -0.0104168 31.2887 -0.0106164 0.0426528 0.999034 0.136639
0.464184 -0.884591 0.0450819 16.7185 0.885621 0.46435 -0.00735892 32.2116 -0.0144241 0.0433414 0.998956 0.154286
0.463685 -0.885056 0.0408852 17.1782 0.885854 0.463954 -0.00323697 33.1256 -0.0161039 0.0377192 0.999159 0.1578
0.463704 -0.885073 0.0403094 17.6378 0.885836 0.463992 -0.00246925 34.0409 -0.0165178 0.0368525 0.999184 0.161473
0.463631 -0.885135 0.0397718 18.0956 0.885904 0.463851 -0.0040616 34.9459 -0.0148531 0.0371171 0.999201 0.158303
0.463889 -0.885146 0.0363896 18.5482 0.885811 0.464015 -0.00539598 35.8487 -0.0121091 0.0347374 0.999323 0.158003
0.463109 -0.88556 0.0362369 19.0022 0.886223 0.463225 -0.00565647 36.7427 -0.0117767 0.0347336 0.999327 0.164523
0.461903 -0.886082 0.0387821 19.4567 0.886831 0.462063 -0.0052639 37.6339 -0.0132555 0.0368246 0.999234 0.170781
0.461102 -0.886486 0.0390765 19.9054 0.887234 0.4613 -0.00431822 38.5236 -0.014198 0.0366612 0.999227 0.178181
0.460884 -0.886741 0.0357231 20.3477 0.887375 0.461023 -0.00475015 39.4091 -0.012257 0.0338891 0.99935 0.180671
0.460389 -0.887115 0.0326885 20.7872 0.887689 0.460354 -0.00902206 40.2903 -0.00704468 0.0331709 0.999425 0.178732
0.459984 -0.887359 0.0317441 21.2293 0.887908 0.459917 -0.00983075 41.1693 -0.00587621 0.0327078 0.999448 0.179605
0.459626 -0.887479 0.0335539 21.6719 0.888067 0.459655 -0.00729266 42.0456 -0.00895114 0.03315 0.99941 0.191503
0.459279 -0.887502 0.0374453 22.1109 0.888211 0.459398 -0.00588175 42.917 -0.0119822 0.0359607 0.999281 0.198928
0.459 -0.887574 0.0391312 22.548 0.888341 0.45915 -0.00559573 43.7854 -0.0130005 0.0373303 0.999218 0.202735
0.458896 -0.887525 0.0413899 22.9827 0.888406 0.458995 -0.00764314 44.6472 -0.0122143 0.0402784 0.999114 0.202524
0.458485 -0.887635 0.0435363 23.4221 0.88864 0.45848 -0.0106933 45.5086 -0.0104688 0.0435908 0.998995 0.20084
0.457433 -0.888091 0.0452808 23.8555 0.889175 0.457441 -0.0107884 46.3645 -0.0111322 0.0451975 0.998916 0.200923
0.45633 -0.888413 0.0498614 24.2898 0.889678 0.456511 -0.00834754 47.2218 -0.0153462 0.0481698 0.998721 0.20209
0.455636 -0.88852 0.0541004 24.7178 0.889924 0.456087 -0.00441865 48.0802 -0.0207484 0.0501585 0.998526 0.199292
0.455064 -0.888818 0.0540281 25.1395 0.890161 0.455643 -0.00178296 48.9342 -0.0230328 0.0489051 0.998538 0.192413
0.453821 -0.889603 0.0515073 25.5622 0.890855 0.454276 -0.00318107 49.7791 -0.0205686 0.0473292 0.998668 0.183379
0.452778 -0.890415 0.046394 25.9828 0.891536 0.452849 -0.0095772 50.6116 -0.0124818 0.0456982 0.998877 0.16954
0.451992 -0.890996 0.0427628 26.3991 0.891999 0.451805 -0.0144909 51.4346 -0.0064091 0.0446942 0.99898 0.162538
0.450798 -0.89179 0.0386122 26.8037 0.892597 0.450708 -0.0115069 52.2526 -0.00714108 0.0396525 0.999188 0.163928
0.449909 -0.892308 0.0369821 27.2042 0.89302 0.449954 -0.00757147 53.0577 -0.00988415 0.0364322 0.999287 0.172976
0.448625 -0.89302 0.0353688 27.5969 0.893643 0.448755 -0.00463318 53.8508 -0.0117344 0.0336856 0.999364 0.181561
0.447541 -0.893584 0.0348451 27.9834 0.894198 0.447641 -0.00533182 54.632 -0.0108336 0.0335446 0.999379 0.183351
0.446064 -0.894356 0.033989 28.3618 0.894926 0.446196 -0.00401883 55.4016 -0.0115715 0.0322103 0.999414 0.186168
0.444696 -0.895067 0.0331795 28.7337 0.895599 0.444854 -0.00287097 56.1597 -0.0121903 0.0309922 0.999445 0.191021
0.443228 -0.895772 0.0337748 29.0999 0.896313 0.443417 -0.00207111 56.9059 -0.0131211 0.0311908 0.999427 0.195426
0.441902 -0.896397 0.0345638 29.4606 0.896958 0.442113 -0.0016899 57.642 -0.0137663 0.031749 0.999401 0.197396
0.44058 -0.897082 0.0336732 29.8122 0.897571 0.440868 0.00127942 58.3655 -0.0159932 0.0296604 0.999432 0.200157
0.439396 -0.89764 0.0342537 30.1575 0.89806 0.439831 0.00600592 59.0808 -0.020457 0.0281229 0.999395 0.203307
0.437661 -0.898531 0.03308 30.5005 0.89886 0.438147 0.00885417 59.7789 -0.0224497 0.0258592 0.999413 0.207688
0.436327 -0.89933 0.0287204 30.8281 0.899585 0.436684 0.007298 60.4625 -0.0191051 0.0226522 0.999561 0.207829
0.435348 -0.899932 0.0243851 31.148 0.900185 0.435505 0.00127426 61.1297 -0.0117666 0.0213963 0.999702 0.205634
0.434087 -0.90059 0.0224922 31.4577 0.90085 0.434111 -0.00406896 61.779 -0.00609966 0.0220284 0.999739 0.202422
0.433672 -0.900832 0.0207512 31.7574 0.901063 0.433648 -0.00590904 62.4129 -0.00367565 0.0212607 0.999767 0.205688
0.432944 -0.901195 0.0201932 32.046 0.901395 0.432992 -0.00217179 63.0262 -0.00678628 0.0191423 0.999794 0.219366
0.431738 -0.901758 0.0208233 32.3276 0.901943 0.431853 0.00111441 63.6191 -0.00999753 0.0183003 0.999783 0.239135
0.430595 -0.902276 0.0220357 32.6025 0.902515 0.430651 -0.00240821 64.1935 -0.00731683 0.0209245 0.999754 0.249689
0.430597 -0.902151 0.026657 32.8717 0.902541 0.43049 -0.00993665 64.7509 -0.0025112 0.0283377 0.999595 0.257566
0.431503 -0.901682 0.0278378 33.131 0.902107 0.43119 -0.016711 65.2931 0.00306468 0.0323235 0.999473 0.266585
0.434042 -0.90051 0.0262512 33.3805 0.900884 0.433728 -0.0169622 65.8235 0.00388878 0.0310116 0.999511 0.277789
0.43742 -0.898974 0.0225898 33.6236 0.899257 0.437262 -0.0117853 66.3412 0.000717014 0.0254691 0.999675 0.292716
0.441435 -0.896941 0.0251397 33.8654 0.89729 0.441339 -0.00955768 66.8421 -0.00252244 0.0267767 0.999638 0.306506
0.446007 -0.894495 0.030936 34.1104 0.895005 0.445982 -0.00808396 67.3269 -0.00656583 0.0312934 0.999489 0.323208
0.452902 -0.890809 0.0365961 34.3495 0.891492 0.452993 -0.00625633 67.8007 -0.0110046 0.0354587 0.999311 0.340722
0.462019 -0.886205 0.0343329 34.5823 0.886802 0.462117 -0.00548932 68.2625 -0.0110011 0.0329826 0.999395 0.34781
0.47486 -0.879577 0.0291736 34.8056 0.879992 0.474976 -0.00325584 68.7179 -0.010993 0.0272187 0.999569 0.352614
0.490484 -0.871092 0.0249836 35.0313 0.871367 0.490631 -0.000260266 69.1576 -0.012031 0.0218975 0.999688 0.356939
0.508891 -0.86044 0.0259272 35.2638 0.860732 0.509058 -0.000198562 69.5786 -0.0130276 0.0224174 0.999664 0.360414
0.530579 -0.847129 0.0292994 35.5016 0.847508 0.530781 -0.00103154 69.983 -0.0146777 0.0253788 0.99957 0.366839
0.554632 -0.831509 0.0312462 35.7455 0.831923 0.554891 -0.000443713 70.3751 -0.0169693 0.0262405 0.999512 0.372269
0.581097 -0.813195 0.0322636 35.9966 0.813604 0.581419 0.000757841 70.7571 -0.0193749 0.0258094 0.999479 0.376254
0.610439 -0.791392 0.0326171 36.258 0.791783 0.610801 0.00148516 71.126 -0.0210979 0.0249191 0.999467 0.377317
0.642231 -0.76583 0.032299 36.5285 0.766193 0.642608 0.00172656 71.4836 -0.0220778 0.0236384 0.999477 0.375276
0.675826 -0.73635 0.0323833 36.8105 0.736696 0.676221 0.00177143 71.8233 -0.0232027 0.0226595 0.999474 0.374947
0.710986 -0.702575 0.029788 37.1037 0.702842 0.711343 0.0020739 72.1434 -0.0226466 0.0194617 0.999554 0.37492
0.747711 -0.663456 0.0274588 37.4087 0.663689 0.748008 0.000832409 72.445 -0.0210916 0.0176017 0.999623 0.373443
0.78469 -0.619338 0.0261026 37.7245 0.619556 0.784952 -0.000345856 72.7243 -0.0202751 0.0164434 0.999659 0.368678
0.820643 -0.570917 0.0244812 38.0513 0.571107 0.820875 -0.000985702 72.98 -0.0195332 0.0147903 0.9997 0.360821
0.854941 -0.518225 0.0227732 38.3884 0.518399 0.855136 -0.00209407 73.2121 -0.018389 0.0135959 0.999738 0.351902
0.886612 -0.461975 0.0222992 38.7367 0.462186 0.886768 -0.00517267 73.4166 -0.0173846 0.0148925 0.999738 0.345837
0.914461 -0.404096 0.021615 39.0925 0.404305 0.914603 -0.00620029 73.5967 -0.0172636 0.014409 0.999747 0.343972
0.938331 -0.344985 0.0228233 39.457 0.345202 0.938507 -0.00626429 73.7527 -0.0192588 0.0137566 0.99972 0.34312
0.958175 -0.285151 0.0242732 39.8325 0.285326 0.958422 -0.00401229 73.8834 -0.0221198 0.0107702 0.999697 0.338289
0.974031 -0.225023 0.0250501 40.2128 0.225188 0.974307 -0.00394299 73.9897 -0.0235192 0.00948157 0.999678 0.330986
0.985928 -0.165402 0.0242551 40.6011 0.165611 0.986167 -0.00685469 74.0662 -0.0227858 0.0107751 0.999682 0.321776
0.993901 -0.10768 0.0237704 40.989 0.108 0.994071 -0.0125994 74.119 -0.0222728 0.0150897 0.999638 0.315069
0.998376 -0.0523645 0.0224209 41.3777 0.0526214 0.998554 -0.0110234 74.1507 -0.0218113 0.0121854 0.999688 0.308888
0.999771 0.00180204 0.0213441 41.7706 -0.00166915 0.999979 -0.00624201 74.1657 -0.0213549 0.00620495 0.999753 0.300323
0.998429 0.0524434 0.0197083 42.1648 -0.0523686 0.998619 -0.00429395 74.159 -0.0199063 0.0032551 0.999797 0.291238
0.994965 0.0985657 0.0181408 42.5532 -0.0983953 0.995097 -0.0100617 74.126 -0.0190436 0.00822604 0.999785 0.284306
0.989871 0.140806 0.0181435 42.9431 -0.140348 0.989801 -0.0244291 74.0689 -0.0213982 0.0216353 0.999537 0.278973
0.983876 0.177845 0.0189788 43.3295 -0.177227 0.9837 -0.0304106 73.9984 -0.0240779 0.0265567 0.999357 0.273304
0.977294 0.211247 0.0164557 43.7213 -0.210755 0.977155 -0.0273933 73.9243 -0.0218665 0.0233032 0.999489 0.263307
0.970121 0.242183 0.0145583 44.115 -0.241961 0.970163 -0.0154413 73.844 -0.0178635 0.0114574 0.999775 0.256282
0.962633 0.270493 0.0130726 44.5085 -0.270406 0.962713 -0.00807828 73.7475 -0.0147702 0.00424153 0.999882 0.254975
0.955315 0.295396 0.0106584 44.905 -0.295321 0.955364 -0.00806821 73.6297 -0.0125659 0.00456004 0.999911 0.252199
0.947956 0.318329 0.00684981 45.3023 -0.318229 0.947929 -0.0126857 73.4952 -0.0105314 0.00984568 0.999896 0.247829
0.941261 0.337665 -0.0030728 45.7077 -0.337664 0.941094 -0.0180436 73.3415 -0.00320088 0.0180213 0.999832 0.224653
0.934402 0.356032 -0.0115574 46.1208 -0.356186 0.934265 -0.0167189 73.1836 0.00484524 0.0197388 0.999793 0.200498
0.927882 0.37268 -0.0119905 46.5452 -0.372823 0.927803 -0.0135582 73.0173 0.00607195 0.0170507 0.999836 0.19354
0.921984 0.387183 -0.00592758 46.9783 -0.387227 0.9219 -0.0124414 72.8375 0.000647539 0.0137661 0.999905 0.202545
0.916185 0.400748 -0.0025203 47.4148 -0.400744 0.916089 -0.0136445 72.6425 -0.00315919 0.0135109 0.999904 0.211029
0.910631 0.413219 -0.00137608 47.8581 -0.413185 0.910503 -0.0162028 72.4345 -0.00544237 0.0153233 0.999868 0.215651
0.905617 0.42409 -0.00234409 48.3086 -0.424051 0.905424 -0.0196785 72.2129 -0.00622307 0.0188152 0.999804 0.215287
0.901092 0.433606 -0.00443508 48.7707 -0.433592 0.900837 -0.0221482 71.9794 -0.00560828 0.0218805 0.999745 0.213721
0.897303 0.441373 -0.00612282 49.2444 -0.441387 0.897005 -0.0236368 71.7351 -0.00494042 0.0239119 0.999702 0.212217
0.894591 0.446827 -0.00722525 49.7304 -0.446861 0.894256 -0.0249124 71.4791 -0.00467031 0.0255151 0.999664 0.209371
0.891957 0.452032 -0.0089228 50.2304 -0.452106 0.891597 -0.025588 71.2145 -0.00361105 0.0268574 0.999633 0.20335
0.889064 0.457674 -0.00997964 50.7477 -0.457775 0.888708 -0.0252929 70.9389 -0.00270693 0.0270555 0.99963 0.195344
0.886896 0.461835 -0.0111429 51.2807 -0.461961 0.886481 -0.0272543 70.6507 -0.00270898 0.0293193 0.999566 0.190957
0.885234 0.464994 -0.01185 51.8217 -0.465136 0.884772 -0.0287635 70.3476 -0.00289032 0.0309743 0.999516 0.185518
0.883596 0.468094 -0.0120562 52.3805 -0.468238 0.883101 -0.0297759 70.0361 -0.0032911 0.031955 0.999484 0.181147
0.882093 0.470914 -0.0122948 52.9511 -0.471058 0.881545 -0.0313365 69.7106 -0.0039184 0.0334333 0.999433 0.176186
0.88138 0.472193 -0.014235 53.5351 -0.472389 0.880681 -0.0353425 69.3766 -0.00415201 0.0378746 0.999274 0.171431
0.881435 0.472038 -0.0159155 54.1294 -0.472286 0.880587 -0.0388961 69.0306 -0.00434547 0.041801 0.999116 0.164991
0.882211 0.470555 -0.0168012 54.7419 -0.470834 0.881279 -0.0407826 68.679 -0.00438387 0.0438894 0.999027 0.158373
0.883649 0.467794 -0.018265 55.3699 -0.468134 0.882617 -0.0428715 68.3222 -0.00393407 0.0464338 0.998914 0.152225
0.885382 0.464494 -0.01854 56.0134 -0.464847 0.884308 -0.0437832 67.9576 -0.00394197 0.0473831 0.998869 0.146299
0.887137 0.461166 -0.017711 56.6756 -0.461473 0.885966 -0.0458933 67.5929 -0.00547306 0.0488868 0.998789 0.14561
0.888927 0.457754 -0.0164506 57.3519 -0.457999 0.887722 -0.0467664 67.2248 -0.00680394 0.0491062 0.99877 0.144832
0.890785 0.454234 -0.0131893 58.0462 -0.454338 0.889666 -0.0455067 66.8549 -0.00893663 0.046529 0.998877 0.141333
0.892602 0.450697 -0.0115753 58.7478 -0.450733 0.891514 -0.0451805 66.4842 -0.0100431 0.0455456 0.998912 0.136401
0.894396 0.447138 -0.0111397 59.4603 -0.447182 0.89342 -0.0427721 66.1131 -0.00917263 0.0432367 0.999023 0.131309
0.895899 0.44407 -0.0129257 60.179 -0.444217 0.895044 -0.0395896 65.7435 -0.00601149 0.0412101 0.999132 0.126972
0.896522 0.44272 -0.01571 60.9062 -0.442998 0.895946 -0.0321562 65.3749 -0.00016088 0.0357883 0.999359 0.119547
0.896374 0.44297 -0.0170719 61.6361 -0.443291 0.895925 -0.0285015 65.0034 0.00266982 0.0331158 0.999448 0.115861
0.896406 0.442941 -0.0161121 62.3671 -0.443225 0.896026 -0.0262539 64.6311 0.00280791 0.0306754 0.999525 0.122191
0.896378 0.443121 -0.0122982 63.098 -0.443291 0.896033 -0.0248643 64.2595 1.74653e-06 0.0277395 0.999615 0.134788
0.896308 0.443266 -0.0121168 63.8274 -0.443432 0.895936 -0.0258161 63.886 -0.000587497 0.0285121 0.999593 0.144187
0.896389 0.443153 -0.0100803 64.5558 -0.443264 0.896056 -0.024506 63.5112 -0.00182736 0.0264352 0.999649 0.153949
0.896248 0.443457 -0.00919163 65.283 -0.443548 0.895954 -0.0230627 63.1354 -0.00199203 0.0247468 0.999692 0.166189
0.896281 0.443401 -0.00867247 66.0092 -0.443484 0.896048 -0.0204879 62.7637 -0.00131339 0.022209 0.999752 0.173654
0.895753 0.444475 -0.00828597 66.7351 -0.444552 0.895586 -0.0173223 62.3922 -0.000278537 0.0192001 0.999816 0.180153
0.894537 0.446941 -0.00686687 67.4609 -0.446993 0.894416 -0.0147368 62.0222 -0.000444652 0.0162521 0.999868 0.188184
0.892821 0.450391 -0.00441109 68.1846 -0.450408 0.89273 -0.0128716 61.6499 -0.00185935 0.0134788 0.999907 0.197753
0.890619 0.45475 -0.00110418 68.9077 -0.454729 0.890549 -0.012009 61.2758 -0.00447775 0.0111975 0.999927 0.209678
0.887722 0.460376 0.0020374 69.6277 -0.460328 0.887679 -0.0111135 60.8963 -0.00692494 0.00892782 0.999936 0.219939
0.884271 0.466967 0.00258989 70.3426 -0.466919 0.884238 -0.0104389 60.512 -0.00716471 0.00802155 0.999942 0.227167
0.880169 0.474656 0.00206421 71.0509 -0.474621 0.880142 -0.00922081 60.1248 -0.00619351 0.00713616 0.999955 0.23131
0.875327 0.483531 0.00118972 71.7537 -0.483502 0.875296 -0.00907498 59.7288 -0.00542939 0.00736834 0.999958 0.235404
0.870313 0.492497 0.00137223 72.4491 -0.49246 0.870276 -0.0101528 59.3297 -0.00619443 0.00816032 0.999947 0.242331
0.864929 0.501884 0.00314542 73.1358 -0.501835 0.864907 -0.00983876 58.9271 -0.00765842 0.00693135 0.999947 0.249569
0.859256 0.511535 0.00327331 73.818 -0.511476 0.859228 -0.0109378 58.516 -0.00840758 0.00772415 0.999935 0.253026
0.853498 0.521087 0.00315354 74.4908 -0.521028 0.853468 -0.0110619 58.0991 -0.00845568 0.00779826 0.999934 0.255611
0.847657 0.530538 0.00259278 75.1544 -0.530487 0.847627 -0.0105992 57.6792 -0.00782098 0.00760903 0.99994 0.258499
0.841885 0.539654 0.00187336 75.8105 -0.539615 0.841858 -0.00952614 57.2539 -0.00671792 0.00700902 0.999953 0.260302
0.836232 0.548376 0.000684855 76.4558 -0.548347 0.836199 -0.00934658 56.8257 -0.00569812 0.00744037 0.999956 0.262083
0.830909 0.556408 -0.000313571 77.0893 -0.556385 0.830871 -0.00943693 56.3946 -0.00499025 0.0080157 0.999955 0.265272
0.825486 0.564422 -0.000965024 77.7119 -0.564405 0.825443 -0.0095132 55.96 -0.00457289 0.00839768 0.999954 0.27021
0.820054 0.572284 -0.00129444 78.3253 -0.572268 0.820009 -0.0097476 55.5258 -0.00451695 0.00873432 0.999952 0.274293
0.815001 0.579457 -0.00175462 78.9269 -0.57944 0.814943 -0.0108234 55.0886 -0.00484178 0.00983777 0.99994 0.280161
0.810573 0.585636 -0.00149175 79.518 -0.585605 0.810497 -0.0127071 54.6508 -0.00623268 0.0111736 0.999918 0.287117
0.807361 0.590055 -0.00170901 80.0964 -0.590004 0.807244 -0.015873 54.2145 -0.00798634 0.0138235 0.999873 0.29662
0.804898 0.59341 -0.00183395 80.6683 -0.593327 0.804726 -0.019446 53.7786 -0.0100636 0.0167402 0.999809 0.302607
0.803102 0.595838 -0.0017347 81.2301 -0.595729 0.802891 -0.0217423 53.3482 -0.0115621 0.0184947 0.999762 0.306253
0.801999 0.597323 -0.00141207 81.778 -0.597197 0.801777 -0.0225571 52.9265 -0.0123417 0.0189341 0.999745 0.308729
0.801354 0.598189 -0.00166501 82.3162 -0.598063 0.801122 -0.022875 52.5111 -0.0123497 0.0193267 0.999737 0.309847
0.801704 0.597714 -0.00311349 82.8389 -0.597615 0.801451 -0.0230702 52.105 -0.011294 0.0203561 0.999729 0.31017
0.803334 0.59551 -0.00471251 83.3475 -0.595442 0.803058 -0.0233617 51.7105 -0.0101277 0.0215733 0.999716 0.310727
0.806168 0.591661 -0.00546228 83.8437 -0.591614 0.805891 -0.0230916 51.33 -0.00926043 0.0218473 0.999718 0.311847
0.810616 0.585552 -0.00555026 84.3257 -0.585515 0.810352 -0.0223715 50.9668 -0.00860204 0.0213845 0.999734 0.313835
0.816827 0.576858 -0.00531127 84.7943 -0.576825 0.816581 -0.0216171 50.6183 -0.00813291 0.0207211 0.999752 0.31718
0.824432 0.565937 -0.00520512 85.2485 -0.565907 0.82419 -0.0214731 50.2874 -0.00786241 0.0206487 0.999756 0.321647
0.833725 0.55215 -0.00571253 85.692 -0.552143 0.833506 -0.0201488 49.978 -0.00636373 0.0199527 0.999781 0.324566
0.844817 0.535007 -0.00727962 86.1344 -0.535044 0.84463 -0.0181044 49.6838 -0.00353741 0.0191898 0.99981 0.330024
0.8573 0.514737 -0.00911348 86.5754 -0.514818 0.857159 -0.0155097 49.4027 -0.000171715 0.0179882 0.999838 0.335255
0.871263 0.490717 -0.00984355 87.0176 -0.490813 0.871156 -0.013806 49.1323 0.00180042 0.01686 0.999856 0.340051
0.886663 0.462326 -0.00914557 87.4624 -0.462412 0.886565 -0.0132961 48.876 0.00196099 0.0160182 0.99987 0.346708
0.903233 0.429095 -0.0068807 87.909 -0.42915 0.903117 -0.0144766 48.6358 2.26079e-06 0.0160286 0.999872 0.355855
0.920283 0.391241 -0.00300402 88.3597 -0.391239 0.92016 -0.0154314 48.4159 -0.0032732 0.0153765 0.999876 0.366978
0.936817 0.349812 0.0024381 88.8129 -0.349732 0.936714 -0.0159454 48.2182 -0.0078617 0.0140852 0.99987 0.378605
0.952571 0.304219 0.00770326 89.2732 -0.304089 0.952533 -0.0145485 48.0382 -0.0117635 0.011516 0.999865 0.389293
0.96708 0.254233 0.0110624 89.7345 -0.254092 0.967097 -0.0127014 47.8893 -0.0139275 0.00947238 0.999858 0.399432
0.979785 0.199684 0.0121579 90.1933 -0.199535 0.979811 -0.0124731 47.7637 -0.0144031 0.009795 0.999848 0.403489
0.990101 0.139958 0.0105533 90.6505 -0.139784 0.990057 -0.0157251 47.6619 -0.0126492 0.0140943 0.999821 0.406824
0.997106 0.0757281 0.00676819 91.1039 -0.0756001 0.996985 -0.017504 47.5897 -0.00807333 0.0169417 0.999824 0.407679
0.999956 0.00916675 0.00187121 91.5566 -0.00912641 0.999747 -0.0205357 47.5479 -0.00205898 0.0205177 0.999787 0.40818
0.998277 -0.0586657 -0.00136346 92.0055 0.0586289 0.998096 -0.0191553 47.5404 0.00248462 0.0190424 0.999816 0.40685
0.991947 -0.126604 -0.00366168 92.451 0.126519 0.991803 -0.017885 47.565 0.00589597 0.0172777 0.999833 0.406709
0.980942 -0.194241 -0.0049029 92.8922 0.194117 0.980794 -0.0190441 47.6191 0.00850789 0.0177294 0.999807 0.409612
0.965551 -0.260193 -0.0032922 93.3269 0.260071 0.965361 -0.0210137 47.7022 0.00864579 0.0194336 0.999774 0.418016
0.945895 -0.324468 0.00189263 93.7526 0.324437 0.945684 -0.0205277 47.8148 0.00487077 0.0200311 0.999788 0.431154
0.922 -0.387083 0.00914144 94.1674 0.387189 0.921806 -0.0189127 47.9581 -0.00110586 0.020977 0.999779 0.447583
0.894858 -0.446105 0.0148233 94.572 0.44631 0.894733 -0.0161474 48.134 -0.00605945 0.0210654 0.99976 0.461257
0.865475 -0.500507 0.021113 94.9689 0.500813 0.86546 -0.0128804 48.3366 -0.0118257 0.0217213 0.999694 0.472069
0.8355 -0.548928 0.0248326 95.3568 0.549241 0.835629 -0.00768304 48.568 -0.0165334 0.0200583 0.999662 0.482563
0.806583 -0.59055 0.0259704 95.7335 0.590823 0.806792 -0.00373232 48.8259 -0.0187486 0.0183544 0.999656 0.486952
0.780128 -0.625157 0.0240659 96.1026 0.625267 0.780403 0.00357106 49.1142 -0.0210136 0.0122617 0.999704 0.483195
0.756301 -0.653906 0.0203841 96.4616 0.653948 0.75652 0.00549045 49.4183 -0.0190112 0.00917771 0.999777 0.471589
0.734466 -0.678398 0.0183141 96.8193 0.678413 0.734653 0.00633093 49.736 -0.0177494 0.00777466 0.999812 0.460291
0.71792 -0.695771 0.0222245 97.1747 0.695916 0.718121 0.00163605 50.0643 -0.0170982 0.0142918 0.999752 0.455239
0.706367 -0.707408 0.0248824 97.5267 0.707629 0.706584 -0.00010413 50.4064 -0.0175078 0.017681 0.99969 0.455146
0.696958 -0.71677 0.0221543 97.8793 0.716913 0.69716 0.0020198 50.7636 -0.0168929 0.014475 0.999753 0.44652
0.689783 -0.723786 0.0182636 98.2355 0.723818 0.689965 0.00602173 51.1358 -0.0169597 0.00906584 0.999815 0.431351
0.685158 -0.728288 0.0124303 98.594 0.728226 0.685267 0.00982479 51.5185 -0.0156733 0.00232053 0.999874 0.420953
0.683012 -0.730384 0.00583521 98.9602 0.730309 0.68303 0.0108809 51.9122 -0.0119328 -0.00317026 0.999924 0.413702
0.682335 -0.731033 0.0031986 99.334 0.730975 0.682326 0.0103836 52.3111 -0.00977324 -0.00474699 0.999941 0.412922
0.683925 -0.729549 0.00226569 99.717 0.729518 0.68392 0.00750707 52.7176 -0.00702632 -0.00348142 0.999969 0.410831
0.687014 -0.726644 -6.80735e-06 100.111 0.726644 0.687014 0.000254368 53.132 -0.000180158 -0.000179701 1 0.401409
0.690085 -0.723724 -0.00258001 100.511 0.72371 0.690089 -0.00456596 53.5527 0.00508493 0.00128372 0.999986 0.393766
0.693254 -0.72067 -0.00578946 100.922 0.720679 0.693268 -0.000729665 53.9867 0.00453949 -0.0036665 0.999983 0.395297
0.697345 -0.716707 -0.00633547 101.339 0.716735 0.697326 0.00525385 54.4299 0.000652416 -0.0082046 0.999966 0.401973
0.700918 -0.713239 -0.00205597 101.773 0.713231 0.700889 0.00746005 54.874 -0.00387979 -0.00669527 0.99997 0.410814
0.703626 -0.710558 0.00426619 102.219 0.710503 0.70363 0.00949289 55.3211 -0.00974706 -0.0036483 0.999946 0.419808
0.706115 -0.708041 0.00887945 102.673 0.707946 0.706168 0.0118194 55.7761 -0.014639 -0.00205973 0.999891 0.425344
0.708421 -0.705675 0.0127592 103.136 0.705609 0.708533 0.00984404 56.2378 -0.015987 0.00202927 0.99987 0.423573
0.708873 -0.705198 0.0139632 103.608 0.70521 0.708982 0.00487409 56.7019 -0.0133368 0.00639187 0.999891 0.418327
0.708736 -0.705379 0.0115924 104.087 0.705435 0.708774 -0.00111411 57.1739 -0.00743051 0.00896728 0.999932 0.410436
0.708325 -0.705858 0.00630198 104.57 0.705886 0.70829 -0.00706844 57.6566 0.000525686 0.00945523 0.999955 0.400503
0.706664 -0.707549 0.00128012 105.064 0.707532 0.706632 -0.00839454 58.1484 0.00503497 0.00683784 0.999964 0.39356
0.704861 -0.709334 0.00403103 105.565 0.709344 0.704837 -0.0059251 58.6495 0.00136165 0.00703576 0.999974 0.396618
0.703605 -0.710506 0.0110096 106.077 0.710567 0.703625 -0.00262531 59.1613 -0.00588134 0.00967026 0.999936 0.408436
0.701743 -0.712279 0.0146766 106.594 0.712317 0.70185 0.0034251 59.6811 -0.0127404 0.00805085 0.999886 0.419296
0.70036 -0.713683 0.0123466 107.114 0.71368 0.700451 0.00542206 60.212 -0.0125178 0.00501411 0.999909 0.418082
0.69899 -0.715109 0.0056341 107.637 0.715088 0.699013 0.00552749 60.7534 -0.00789107 0.000165213 0.999969 0.409176
0.696387 -0.717664 0.00180695 108.171 0.717662 0.696389 0.00169591 61.2992 -0.00247544 0.000115769 0.999997 0.400038
0.693408 -0.720545 0.000555913 108.711 0.720544 0.693406 -0.00182424 61.8546 0.00092897 0.0016655 0.999998 0.395663
0.69065 -0.723183 0.00282199 109.258 0.723189 0.690648 -0.00197889 62.4202 -0.000517902 0.00340755 0.999994 0.399827
0.688027 -0.725653 0.00674631 109.81 0.725682 0.68802 -0.00373098 62.993 -0.0019342 0.0074627 0.99997 0.40715
0.68661 -0.726965 0.00944424 110.369 0.72701 0.686623 -0.00227675 63.5776 -0.00482952 0.0084293 0.999953 0.414909
0.685457 -0.727995 0.0131387 110.938 0.728075 0.685494 -0.00212327 64.1792 -0.0074608 0.0110214 0.999911 0.417892
0.684957 -0.728366 0.01779 111.51 0.72853 0.684998 -0.00464186 64.782 -0.00880517 0.0161401 0.999831 0.419439
0.684483 -0.728806 0.0180409 112.085 0.728959 0.684551 -0.00305458 65.3926 -0.0101238 0.0152419 0.999833 0.42103
0.684825 -0.728578 0.013751 112.658 0.728659 0.684875 -0.00137893 66.0077 -0.00841306 0.0109641 0.999905 0.418589
0.685265 -0.728254 0.00758357 113.235 0.728275 0.685285 4.24996e-05 66.6276 -0.00522786 0.0054938 0.999971 0.413877
0.685799 -0.727791 0.00106682 113.816 0.727782 0.685796 0.00413822 67.2489 -0.00374338 -0.00206157 0.999991 0.40907
0.687645 -0.726036 -0.00394653 114.399 0.726034 0.68759 0.00972541 67.8777 -0.0043474 -0.00955295 0.999945 0.410188
0.69002 -0.723774 -0.00486228 114.986 0.723755 0.689905 0.014445 68.5064 -0.0071004 -0.0134864 0.999884 0.416582
0.691828 -0.722042 -0.00549541 115.58 0.722033 0.691711 0.0143231 69.1319 -0.00654064 -0.013877 0.999882 0.418924
0.693331 -0.720584 -0.00714241 116.177 0.720611 0.693244 0.0115032 69.7606 -0.00333757 -0.0131224 0.999908 0.414799
0.694071 -0.719905 -0.00139392 116.785 0.719894 0.694046 0.00725297 70.3968 -0.00425401 -0.00603755 0.999973 0.40838
0.694392 -0.719589 0.00343809 117.392 0.719585 0.6944 0.00235334 71.0263 -0.00408085 0.000839861 0.999991 0.406407
0.695459 -0.71855 0.00467804 117.996 0.718554 0.69547 0.00116625 71.6561 -0.00409144 0.00255035 0.999988 0.406329
0.696202 -0.717839 0.00327682 118.598 0.717822 0.696208 0.00501045 72.288 -0.00587804 -0.00113611 0.999982 0.403823
0.696862 -0.717188 0.00490872 119.2 0.71712 0.696869 0.0106062 72.9191 -0.0110274 -0.0038709 0.999932 0.403731
0.697553 -0.716511 0.00553546 119.802 0.716329 0.697518 0.0184614 73.5438 -0.0170889 -0.0089126 0.999814 0.408299
0.698467 -0.715637 0.00280157 120.399 0.715554 0.698436 0.0130181 74.1511 -0.011273 -0.00708805 0.999911 0.410573
0.698811 -0.715304 -0.00194633 121 0.715304 0.698813 -0.00104594 74.7493 0.00210829 -0.000661306 0.999998 0.409474
0.698522 -0.715571 -0.00493045 121.603 0.715467 0.698514 -0.0136207 75.3447 0.0131905 0.00598676 0.999895 0.411763
0.697917 -0.716178 -0.000613656 122.205 0.716139 0.697888 -0.00985337 75.9457 0.00748503 0.00643738 0.999951 0.429201
0.69699 -0.716922 0.0150992 122.805 0.716942 0.697115 0.00500277 76.5504 -0.0141125 0.00733841 0.999873 0.461184
0.695794 -0.71774 0.0268251 123.403 0.717532 0.696281 0.0184387 77.1526 -0.031912 0.00641838 0.99947 0.488942
0.695414 -0.718255 0.0225869 123.993 0.718095 0.695762 0.0159915 77.7472 -0.0272011 0.00509887 0.999617 0.476953
0.694763 -0.719187 0.00859739 124.58 0.719146 0.694816 0.007744 78.3367 -0.011543 0.000802534 0.999933 0.443947
0.693994 -0.719975 0.00300077 125.167 0.719977 0.693998 0.000404196 78.9239 -0.00237354 0.00187998 0.999995 0.420333
0.692655 -0.721252 0.00488689 125.755 0.721269 0.692646 -0.00367732 79.511 -0.000732612 0.00607188 0.999981 0.420502
0.690697 -0.72311 0.00705536 126.333 0.723132 0.690709 -0.000980684 80.1059 -0.00416406 0.00577931 0.999975 0.4238
0.688146 -0.725543 0.00654586 126.904 0.725568 0.688145 -0.00271948 80.6988 -0.0025314 0.00662087 0.999975 0.411699
0.684622 -0.728881 0.00503653 127.472 0.728898 0.684607 -0.0044742 81.2878 -0.000186886 0.00673426 0.999977 0.394901
0.682261 -0.731105 0.00220434 128.032 0.731108 0.682262 -0.000446373 81.8823 -0.00117759 0.00191615 0.999997 0.390184
0.680597 -0.732649 -0.00349784 128.591 0.732657 0.680594 0.00234714 82.4788 0.000660977 -0.00416018 0.999991 0.37981
0.679218 -0.733927 -0.00383432 129.151 0.733935 0.679194 0.00591404 83.0751 -0.00173622 -0.00683106 0.999975 0.380008
0.678169 -0.734906 4.41389e-05 129.71 0.734878 0.678144 0.00868207 83.6694 -0.00641043 -0.00585547 0.999962 0.383244
0.677208 -0.735791 0.00130354 130.267 0.735758 0.677193 0.00834204 84.2622 -0.00702074 -0.0046902 0.999964 0.383122
0.67534 -0.737506 0.000800423 130.82 0.737499 0.675337 0.00393865 84.8578 -0.00344534 -0.00206962 0.999992 0.37872
0.672045 -0.740506 0.00263084 131.369 0.74051 0.672043 -0.001603 85.4456 -0.000581007 0.00302545 0.999995 0.37201
0.667212 -0.744856 0.00413042 131.915 0.744866 0.66719 -0.00565502 86.043 0.0014564 0.00684971 0.999976 0.370645
0.662165 -0.749322 0.00726585 132.455 0.749352 0.662166 -0.00266844 86.6478 -0.00281168 0.00721163 0.99997 0.377296
0.657456 -0.753372 0.0134922 132.991 0.753403 0.657549 0.00368989 87.2556 -0.0116517 0.00773914 0.999902 0.388881
0.654121 -0.756085 0.0214638 133.518 0.756113 0.654386 0.00846956 87.8708 -0.0204493 0.0106889 0.999734 0.392215
0.65095 -0.758896 0.0184285 134.039 0.758727 0.651203 0.0163871 88.4871 -0.0244368 0.00331497 0.999696 0.385607
0.647633 -0.761836 0.0132995 134.554 0.761697 0.647769 0.014572 89.1049 -0.0197165 0.000692875 0.999805 0.371181
0.642398 -0.766332 0.00773516 135.073 0.766312 0.642441 0.00597299 89.7178 -0.00954668 0.00209051 0.999952 0.351184
0.637384 -0.770519 0.00647695 135.591 0.770541 0.637389 -0.00161024 90.3385 -0.00288761 0.00601709 0.999978 0.33436
0.632234 -0.774738 0.00782406 136.107 0.774771 0.632237 -0.00240313 90.9663 -0.00308487 0.0075812 0.999967 0.331361
0.626185 -0.779661 0.00465128 136.62 0.779644 0.626202 0.00512117 91.6028 -0.00690542 0.000419545 0.999976 0.336454
0.620018 -0.784587 -0.000392672 137.124 0.784564 0.619996 0.0079852 92.2438 -0.00602163 -0.00525905 0.999968 0.333173
0.612235 -0.790657 -0.00549497 137.631 0.790676 0.612216 0.00480448 92.8814 -0.000434586 -0.00728621 0.999973 0.324029
0.60536 -0.795931 -0.00586214 138.131 0.795948 0.605363 0.00136509 93.5239 0.00246221 -0.00549233 0.999982 0.314686
0.598897 -0.800809 -0.00515021 138.628 0.800825 0.598893 0.00250512 94.1759 0.0010783 -0.00562472 0.999984 0.31237
0.592574 -0.805506 -0.00407031 139.113 0.805495 0.592515 0.0101753 94.8379 -0.00578453 -0.00930822 0.99994 0.312673
0.586065 -0.810256 -0.00355924 139.593 0.810181 0.585937 0.0168709 95.5069 -0.0115843 -0.0127711 0.999851 0.315402
0.57989 -0.814694 -0.00106139 140.069 0.814547 0.579759 0.01979 96.1752 -0.0155075 -0.0123406 0.999804 0.315321
0.57466 -0.818392 -0.000185984 140.542 0.818214 0.57453 0.0210155 96.8461 -0.017092 -0.0122289 0.999779 0.310863
0.571033 -0.820927 -0.000334583 141.011 0.820771 0.570917 0.019702 97.5228 -0.0159829 -0.0115251 0.999806 0.305209
0.567358 -0.823442 -0.00691086 141.475 0.823412 0.567196 0.016751 98.2013 -0.00987367 -0.0151943 0.999836 0.295369
0.564393 -0.825359 -0.0156107 141.93 0.825495 0.564187 0.0158378 98.8836 -0.00426451 -0.0218253 0.999753 0.282261
0.56211 -0.826859 -0.0183157 142.382 0.827062 0.561954 0.0132668 99.5698 -0.00067722 -0.0226056 0.999744 0.270567
0.559533 -0.828638 -0.0167955 142.842 0.828783 0.559242 0.0191552 100.26 -0.00648001 -0.0246378 0.999675 0.266847
0.55772 -0.829915 -0.0137702 143.297 0.829878 0.557225 0.0283358 100.957 -0.0158432 -0.027231 0.999504 0.264744
0.554987 -0.831795 -0.0103317 143.752 0.831509 0.55435 0.0359013 101.651 -0.0241352 -0.0285157 0.999302 0.263048
0.551048 -0.834417 -0.00974035 144.204 0.83418 0.550506 0.0329737 102.339 -0.0221517 -0.0262953 0.999409 0.24925
0.546736 -0.837287 -0.00542608 144.657 0.837191 0.546543 0.020049 103.024 -0.0138212 -0.0155042 0.999784 0.229838
0.540982 -0.841022 -0.00449427 145.106 0.841009 0.540917 0.0105938 103.712 -0.00647863 -0.00951079 0.999934 0.205367
0.535142 -0.844733 -0.0069845 145.544 0.844725 0.535022 0.0138555 104.409 -0.00796734 -0.0133146 0.99988 0.191021
0.528891 -0.848685 -0.00295408 145.981 0.848591 0.528773 0.0170775 105.112 -0.0129314 -0.011539 0.99985 0.185903
0.522581 -0.852585 0.00298795 146.421 0.852406 0.522537 0.0189561 105.817 -0.017723 -0.00735914 0.999816 0.179907
0.517631 -0.855529 0.0113401 146.858 0.85537 0.517754 0.0165497 106.531 -0.0200301 0.00113334 0.999799 0.16827
0.512422 -0.85859 0.0157235 147.293 0.858479 0.51263 0.014974 107.25 -0.0209169 0.00582528 0.999764 0.157919
0.507219 -0.861669 0.0159902 147.72 0.861677 0.507384 0.00860665 107.972 -0.0155292 0.00941292 0.999835 0.142356
0.501217 -0.865144 0.0175521 148.143 0.865305 0.50123 -0.00392388 108.691 -0.00540293 0.0171546 0.999838 0.12082
0.495255 -0.868415 0.024028 148.568 0.868744 0.494988 -0.0164311 109.411 0.00237539 0.0290118 0.999576 0.108369
0.48966 -0.871518 0.0262549 148.985 0.871897 0.489616 -0.00853442 110.144 -0.00541693 0.0270706 0.999619 0.107281
0.484909 -0.874233 0.0240798 149.391 0.874372 0.485196 0.00761099 110.889 -0.0183372 0.0173641 0.999681 0.110019
0.480487 -0.876701 0.0229604 149.794 0.87658 0.480903 0.0184316 111.635 -0.0272007 0.0112705 0.999566 0.110741
0.477029 -0.878602 0.0224139 150.194 0.878515 0.477414 0.0169621 112.379 -0.0256036 0.0115995 0.999605 0.0951944
0.475535 -0.879547 0.0162285 150.589 0.879566 0.475701 0.00844584 113.126 -0.0151484 0.0102578 0.999833 0.0692317
0.473185 -0.880961 0.00212978 150.981 0.880949 0.473189 0.00463826 113.876 -0.00509392 -0.000318527 0.999987 0.0454865
0.471446 -0.881895 0.000163973 151.376 0.881894 0.471445 0.00165999 114.628 -0.00154124 -0.00063799 0.999999 0.0347728
0.46904 -0.883147 0.0073364 151.781 0.883163 0.469063 0.00170447 115.38 -0.00494652 0.00567978 0.999972 0.0374056
0.468622 -0.883321 0.011721 152.179 0.883288 0.468732 0.00959526 116.137 -0.0139697 0.00585649 0.999885 0.0418924
0.46884 -0.883185 0.0131758 152.575 0.883049 0.469007 0.0159958 116.901 -0.0203068 0.00413544 0.999785 0.045563
0.467405 -0.883939 0.0135913 152.974 0.883839 0.467572 0.0143056 117.659 -0.0190002 0.00532602 0.999805 0.0422202
0.465673 -0.884893 0.0105895 153.371 0.884882 0.465756 0.00745991 118.416 -0.0115333 0.00589653 0.999916 0.0326284
0.463888 -0.885785 0.0138545 153.771 0.885894 0.463832 -0.00725268 119.169 -1.84029e-06 0.0156381 0.999878 0.0215229
0.461965 -0.88664 0.0214053 154.174 0.886882 0.461675 -0.0172298 119.921 0.0053943 0.0269436 0.999622 0.021142
0.460865 -0.88719 0.0223052 154.569 0.88747 0.46069 -0.0127221 120.682 0.00101114 0.0256583 0.99967 0.0291498
0.459637 -0.887826 0.0223332 154.96 0.888067 0.459709 -0.00211842 121.443 -0.00838599 0.0208071 0.999748 0.0454007
0.458054 -0.888629 0.0229206 155.346 0.888812 0.458254 0.00410325 122.197 -0.0141497 0.0184926 0.999729 0.0548998
0.45724 -0.889047 0.0229584 155.732 0.889283 0.457357 -0.000186411 122.946 -0.0103344 0.0205018 0.999736 0.0507463
0.457241 -0.889127 0.0195978 156.12 0.889334 0.457223 -0.00564211 123.693 -0.00394399 0.0200088 0.999792 0.0418905
0.457035 -0.889356 0.0127998 156.499 0.889446 0.457022 -0.00414228 124.445 -0.00216583 0.0132779 0.99991 0.0376095
0.456608 -0.889587 0.0120155 156.879 0.889645 0.456651 0.00100997 125.194 -0.00638536 0.0102284 0.999927 0.0433971
0.455831 -0.890006 0.0103334 157.259 0.890016 0.455898 0.00528635 125.939 -0.00941587 0.00678722 0.999933 0.048753
0.455503 -0.890189 0.00902684 157.637 0.890149 0.455576 0.00926977 126.684 -0.0123643 0.00381282 0.999916 0.0484879
0.455027 -0.890461 0.00546636 158.01 0.890393 0.45506 0.0109667 127.429 -0.012253 -0.000122955 0.999925 0.0449969
0.454523 -0.890716 0.00586595 158.381 0.890678 0.454559 0.00832403 128.17 -0.0100808 0.0014412 0.999948 0.0420648
0.453669 -0.891169 0.00129535 158.747 0.89116 0.453671 0.00407991 128.902 -0.00422355 -0.000696565 0.999991 0.0318965
0.452566 -0.891731 -0.00025293 159.11 0.891726 0.452562 0.00362392 129.632 -0.0031171 -0.00186561 0.999993 0.0242319
0.45508 -0.89045 -0.000619204 159.432 0.890447 0.455076 0.00309131 130.269 -0.00247088 -0.00195816 0.999995 0.0173536
0.457765 -0.889073 -0.000945266 159.753 0.889071 0.457762 0.00254053 130.901 -0.00182601 -0.00200338 0.999996 0.0105002
0.460447 -0.887686 -0.00127475 160.073 0.887686 0.460445 0.00199159 131.534 -0.00118096 -0.0020486 0.999997 0.0036446
0.463124 -0.886292 -0.00160748 160.394 0.886293 0.463122 0.0014448 132.166 -0.000536054 -0.00209382 0.999998 -0.00320939
0.465797 -0.88489 -0.00194348 160.714 0.884892 0.465796 0.000900084 132.799 0.000108791 -0.00213903 0.999998 -0.0100629
0.468465 -0.883479 -0.00228287 161.035 0.883482 0.468466 0.000357285 133.431 0.000753791 -0.00218425 0.999997 -0.0169181
0.471129 -0.88206 -0.00262554 161.355 0.882063 0.471131 -0.000183453 134.064 0.00139879 -0.00222947 0.999997 -0.0237733
0.473789 -0.880634 -0.00297152 161.676 0.880636 0.473793 -0.000722132 134.696 0.00204382 -0.00227469 0.999995 -0.0306289
