0.4988 -0.865638 0.0432241 0 0.866552 0.499057 -0.00541528 0 -0.0168836 0.0401571 0.999051 0
0.494843 -0.868034 0.0405827 0.379661 0.868848 0.495049 -0.00552482 0.669123 -0.0152947 0.0379941 0.999161 0.00238698
0.490517 -0.870596 0.0381563 0.748226 0.871302 0.49073 -0.00420767 1.36058 -0.0150613 0.0353096 0.999263 -0.00546727
0.48685 -0.872693 0.037212 1.13355 0.87334 0.487105 -0.00248092 2.0491 -0.0159611 0.0337065 0.999304 -0.0178639
0.482758 -0.874907 0.0384951 1.51419 0.875566 0.483098 -0.000555222 2.7639 -0.0181111 0.033973 0.999259 -0.0282383
0.479778 -0.876449 0.0406172 1.91901 0.877162 0.480193 0.000544726 3.49212 -0.0199815 0.0353665 0.999175 -0.0353436
0.477237 -0.87785 0.0403015 2.29409 0.878544 0.477661 0.0010269 4.19571 -0.0201519 0.0349166 0.999187 -0.044011
0.4755 -0.878785 0.0404621 2.68316 0.8795 0.475898 0.000228607 4.93465 -0.0194567 0.0354777 0.999181 -0.0603444
0.473965 -0.879519 0.0424833 3.07713 0.880333 0.474355 -0.000997967 5.65932 -0.0192744 0.0378724 0.999097 -0.0682278
0.472009 -0.880553 0.0428324 3.47519 0.881368 0.472429 -0.000342856 6.40665 -0.0199334 0.0379129 0.999082 -0.081848
0.470971 -0.880979 0.0454052 3.88283 0.881926 0.471385 -0.00178495 7.1756 -0.0198308 0.0408847 0.998967 -0.0937058
0.469596 -0.881801 0.0436604 4.28156 0.8827 0.469927 -0.00297336 7.94421 -0.0178953 0.0399353 0.999042 -0.101374
0.468193 -0.882688 0.0406969 4.68138 0.883498 0.468414 -0.00453295 8.70429 -0.0150618 0.0380779 0.999161 -0.109044
0.466784 -0.883612 0.0366397 5.09145 0.88426 0.466983 -0.00347102 9.50201 -0.0140431 0.0340192 0.999323 -0.120692
0.465935 -0.884153 0.0343262 5.48865 0.884708 0.46614 -0.00226876 10.2841 -0.0139949 0.0314258 0.999408 -0.129367
0.464615 -0.884826 0.0348642 5.90728 0.885379 0.464869 -0.000906203 11.0833 -0.0154054 0.031289 0.999392 -0.136354
0.463198 -0.885503 0.0364856 6.33045 0.886098 0.463497 -0.000296006 11.9001 -0.0166489 0.0324669 0.999334 -0.143622
0.462412 -0.885885 0.0371875 6.74452 0.8865 0.462728 -0.000120644 12.704 -0.0171008 0.0330225 0.999308 -0.146308
0.460781 -0.88672 0.0375322 7.15463 0.887364 0.461068 -0.00111915 13.506 -0.0163125 0.0338205 0.999295 -0.156502
0.459282 -0.887404 0.0396634 7.58724 0.888156 0.45953 -0.00315582 14.3458 -0.0154261 0.0366767 0.999208 -0.176561
0.459192 -0.88745 0.0396751 7.98111 0.888181 0.459491 -0.00177525 15.1581 -0.0166549 0.0360538 0.999211 -0.186766
0.459536 -0.887213 0.0409825 8.39438 0.887945 0.459949 0.000725255 16.0063 -0.0194933 0.036057 0.99916 -0.191417
0.45915 -0.887465 0.0398529 8.83654 0.888043 0.45972 0.00603899 16.8314 -0.0236806 0.0326183 0.999187 -0.19425
0.460034 -0.886902 0.0421258 9.27028 0.887485 0.460753 0.00876534 17.6728 -0.0271836 0.0333537 0.999074 -0.220163
0.462321 -0.88543 0.0476753 9.69133 0.886287 0.463097 0.00610383 18.5085 -0.0274828 0.0394321 0.998844 -0.245481
0.464118 -0.884406 0.0491944 10.1282 0.885406 0.464808 0.00298344 19.3267 -0.0255045 0.0421724 0.998785 -0.260873
0.465483 -0.883816 0.046851 10.5557 0.884804 0.465963 -0.000767486 20.1605 -0.0211525 0.0418112 0.998902 -0.270031
0.466749 -0.88328 0.0442841 10.9976 0.884203 0.467094 -0.00285203 20.9991 -0.0181657 0.0404873 0.999015 -0.264242
0.4674 -0.883085 0.0412101 11.4625 0.883852 0.467766 -0.000844563 21.8975 -0.0185309 0.0368184 0.99915 -0.281902
0.467418 -0.883087 0.0409719 11.9225 0.883749 0.467945 0.00381997 22.7667 -0.022546 0.0344233 0.999153 -0.288211
0.465698 -0.883462 0.0512001 12.3467 0.884521 0.466483 0.00392103 23.5755 -0.0273481 0.0434615 0.998681 -0.331881
0.465196 -0.883027 0.0620916 12.7993 0.884813 0.465937 -0.00284202 24.4374 -0.0264212 0.0562616 0.998066 -0.339341
0.464409 -0.883487 0.0614438 13.279 0.885318 0.464945 -0.00613281 25.3465 -0.0231498 0.0572455 0.998092 -0.363702
0.463117 -0.884316 0.0592271 13.757 0.886073 0.463467 -0.00850505 26.2672 -0.0199287 0.0564184 0.998208 -0.369268
0.461666 -0.885303 0.0556981 14.1911 0.886873 0.461927 -0.00886811 27.1092 -0.0178775 0.0534913 0.998408 -0.375236
0.460593 -0.886098 0.0518168 14.6314 0.887398 0.460977 -0.00498814 27.9418 -0.0194664 0.0482796 0.998644 -0.375733
0.459457 -0.886587 0.0535048 15.0976 0.887925 0.45998 -0.00282953 28.856 -0.0221025 0.0488083 0.998564 -0.415783
0.458011 -0.88734 0.0534262 15.5495 0.888643 0.458597 -0.00143244 29.7889 -0.02323 0.0481329 0.998571 -0.420056
0.457345 -0.887496 0.0564425 16.0239 0.888937 0.458028 -0.000939916 30.6798 -0.0250181 0.0506037 0.998405 -0.42047
0.457033 -0.887671 0.0562261 16.478 0.889002 0.457894 0.00277653 31.5638 -0.0282102 0.0487162 0.998414 -0.439637
0.456144 -0.888123 0.0563015 16.9118 0.889363 0.457162 0.00600135 32.4419 -0.0310688 0.047335 0.998396 -0.469906
0.455978 -0.888016 0.0592606 17.3461 0.889437 0.457032 0.00485532 33.3379 -0.0313956 0.0504947 0.998231 -0.500231
0.456315 -0.887786 0.0600981 17.8366 0.889332 0.457256 0.00217107 34.253 -0.0294077 0.0524565 0.99819 -0.494039
0.456684 -0.887678 0.0588762 18.273 0.889215 0.45749 0.000235274 35.1579 -0.0271442 0.0522462 0.998265 -0.526176
0.456025 -0.88819 0.0562068 18.6806 0.889556 0.456823 0.00152282 36.0076 -0.0270291 0.0493046 0.998418 -0.541412
0.455448 -0.88843 0.0570782 19.1589 0.889841 0.456268 0.00150117 36.9136 -0.0273767 0.0501069 0.998369 -0.5383
0.454557 -0.888972 0.0557369 19.6102 0.890287 0.455392 0.0025894 37.7955 -0.027684 0.0484448 0.998442 -0.546081
0.454012 -0.889008 0.0594857 20.0261 0.890599 0.454789 -0.000542957 38.6287 -0.0265707 0.0532245 0.998229 -0.573798
0.453876 -0.889198 0.057648 20.4641 0.89078 0.454415 -0.00414254 39.4726 -0.0225126 0.0532319 0.998328 -0.597353
0.453488 -0.889732 0.0522111 20.9092 0.891038 0.45391 -0.00414192 40.3976 -0.0200139 0.0484003 0.998627 -0.611652
0.453623 -0.889752 0.0506662 21.3359 0.890931 0.454135 -0.00156115 41.2609 -0.0216203 0.0458483 0.998714 -0.60481
0.453289 -0.889721 0.0540921 21.7985 0.891007 0.45399 0.000754831 42.1112 -0.0252289 0.0478543 0.998536 -0.616565
0.45283 -0.889781 0.0568733 22.2297 0.891198 0.453613 0.000968705 42.9692 -0.0266604 0.0502467 0.998381 -0.643532
0.452945 -0.889685 0.0574648 22.6756 0.891174 0.453661 -0.00064918 43.8715 -0.025492 0.0515052 0.998347 -0.643468
0.452782 -0.889659 0.0591179 23.122 0.89128 0.453448 -0.00239747 44.7297 -0.0246739 0.0537761 0.998248 -0.657423
0.45239 -0.889934 0.0579745 23.5328 0.891485 0.453045 -0.00203799 45.5467 -0.0244514 0.0526053 0.998316 -0.656748
0.450702 -0.890574 0.0612115 23.9289 0.892249 0.451543 -0.000100097 46.3651 -0.0275505 0.0546611 0.998125 -0.645654
0.450218 -0.890423 0.0667147 24.3993 0.892372 0.451299 0.00126952 47.2752 -0.0312387 0.0589627 0.997771 -0.642365
0.449296 -0.890834 0.067445 24.8316 0.892726 0.45058 0.00435207 48.0973 -0.0342663 0.0582545 0.997713 -0.654934
0.448277 -0.891282 0.0682994 25.2364 0.893286 0.449481 0.00256025 48.92 -0.0329812 0.0598632 0.997662 -0.709068
0.447229 -0.891991 0.0658706 25.6315 0.894028 0.447997 -0.00342752 49.756 -0.0264526 0.0604231 0.997822 -0.73124
0.446351 -0.892597 0.0635677 26.0514 0.894617 0.446752 -0.00854491 50.6143 -0.0207719 0.0606828 0.997941 -0.753893
0.446159 -0.893208 0.0558756 26.4404 0.894727 0.44658 -0.00539517 51.4242 -0.0201339 0.0524005 0.998423 -0.759857
0.44512 -0.89394 0.0523316 26.8181 0.895201 0.44566 -0.00150736 52.1928 -0.0219746 0.0475183 0.998629 -0.738922
0.444023 -0.894271 0.055878 27.2165 0.895704 0.444649 -0.00137171 52.9997 -0.0236194 0.0506592 0.998437 -0.758891
0.442502 -0.894983 0.0565414 27.6143 0.896454 0.443134 -0.00150696 53.8124 -0.0237067 0.0513536 0.998399 -0.766454
0.44141 -0.895873 0.0506895 27.9721 0.896979 0.442068 0.00199242 54.5422 -0.0241932 0.044588 0.998712 -0.771156
0.440527 -0.896347 0.0499769 28.3519 0.897405 0.441199 0.00273544 55.3273 -0.0245017 0.0436445 0.998747 -0.781315
0.439031 -0.897074 0.0501014 28.7306 0.898141 0.4397 0.00262613 56.0704 -0.0243854 0.0438452 0.998741 -0.773051
0.437407 -0.897849 0.0504269 29.064 0.898906 0.438127 0.00363807 56.7786 -0.0253598 0.0437378 0.998721 -0.786658
0.436123 -0.898452 0.0508084 29.3869 0.899464 0.436954 0.00600336 57.5017 -0.0275946 0.0430821 0.99869 -0.804125
0.435273 -0.898783 0.0522134 29.7321 0.899791 0.436243 0.00829023 58.2262 -0.0302289 0.0433726 0.998602 -0.810317
0.433785 -0.899449 0.0531222 30.0887 0.900439 0.434864 0.010192 58.9673 -0.0322681 0.0434121 0.998536 -0.836936
0.432402 -0.900066 0.0539471 30.3977 0.901153 0.433422 0.00830613 59.6562 -0.0308579 0.0450231 0.998509 -0.838794
0.431998 -0.90038 0.0519032 30.7041 0.901524 0.432718 0.00296017 60.3181 -0.0251247 0.0455132 0.998648 -0.849362
0.430958 -0.901104 0.0478307 31.0132 0.902212 0.431273 -0.00403894 60.9762 -0.0169886 0.0448941 0.998847 -0.839821
0.430767 -0.901505 0.0415875 31.2981 0.902325 0.43105 -0.00236875 61.5717 -0.0157908 0.0385458 0.999132 -0.840857
0.430416 -0.901919 0.0358396 31.5933 0.902453 0.43078 0.00274418 62.199 -0.017914 0.0311624 0.999354 -0.83332
0.428881 -0.902569 0.0378067 31.8698 0.903133 0.429337 0.00447896 62.7733 -0.0202744 0.0322235 0.999275 -0.835489
0.427827 -0.902989 0.0396847 32.1443 0.903665 0.428236 0.0020163 63.3663 -0.0188151 0.0349991 0.99921 -0.848784
0.428516 -0.902454 0.0441625 32.4144 0.903418 0.428734 -0.00488766 63.9265 -0.0145231 0.0419916 0.999012 -0.839196
0.429525 -0.901811 0.0473845 32.6953 0.902996 0.429507 -0.0110741 64.4795 -0.0103652 0.0475446 0.998815 -0.847239
0.432098 -0.900641 0.0462372 32.9416 0.901785 0.432001 -0.0125682 65.028 -0.00865517 0.0471267 0.998851 -0.860779
0.435273 -0.89944 0.0392993 33.1303 0.900227 0.435374 -0.00640693 65.4825 -0.0113472 0.038167 0.999207 -0.831539
0.44019 -0.896956 0.0412635 33.4283 0.897796 0.440388 -0.00467006 66.0237 -0.0139831 0.0391019 0.999137 -0.853024
0.444606 -0.894565 0.0456063 33.6361 0.895534 0.444989 -0.00192921 66.4481 -0.0185685 0.0416998 0.998958 -0.833367
0.451394 -0.890943 0.0496319 33.9245 0.892038 0.451961 0.000228512 66.9844 -0.0226353 0.0441703 0.998768 -0.828602
0.460688 -0.886149 0.0500645 34.1432 0.887234 0.461318 0.0011586 67.3999 -0.0241223 0.0438852 0.998745 -0.826151
0.473604 -0.879615 0.0444632 34.3867 0.880407 0.474206 0.00348785 67.8878 -0.0241527 0.0374938 0.999005 -0.814691
0.488921 -0.871417 0.0398487 34.5997 0.871966 0.489524 0.00644921 68.3098 -0.0251268 0.0315935 0.999185 -0.814314
0.507857 -0.860537 0.0394713 34.8998 0.861031 0.508496 0.00756969 68.7482 -0.026585 0.0301417 0.999192 -0.842778
0.532136 -0.845467 0.0449131 35.0697 0.846131 0.532928 0.00703611 69.0985 -0.0298843 0.0342582 0.998966 -0.838391
0.55636 -0.829584 0.0474829 35.2999 0.830245 0.557324 0.00909639 69.4363 -0.0340096 0.0343616 0.998831 -0.824854
0.584634 -0.809859 0.0482971 35.5456 0.810472 0.585688 0.0102543 69.815 -0.0365916 0.0331485 0.99878 -0.834114
0.616929 -0.785496 0.0489282 35.759 0.786085 0.618032 0.0102795 70.1543 -0.0383137 0.03212 0.998749 -0.858119
0.648916 -0.759257 0.0493609 36.0036 0.759801 0.650069 0.0105888 70.4835 -0.0401276 0.0306332 0.998725 -0.850358
0.682431 -0.729324 0.0487341 36.3136 0.729785 0.68359 0.0108939 70.7733 -0.0412593 0.0281311 0.998752 -0.846618
0.717637 -0.69476 0.0480128 36.6075 0.695168 0.718773 0.0103404 71.0167 -0.0416944 0.0259563 0.998793 -0.880552
0.753637 -0.655673 0.0460861 36.9529 0.656042 0.754674 0.00870736 71.2735 -0.0404892 0.0236722 0.9989 -0.909823
0.790779 -0.610514 0.044063 37.2599 0.610792 0.791746 0.00842496 71.5277 -0.0400303 0.0202511 0.998993 -0.916698
0.826466 -0.561299 0.0435574 37.5882 0.561509 0.827428 0.00839824 71.744 -0.0407545 0.017517 0.999016 -0.923765
0.861761 -0.505508 0.0427835 37.8869 0.505663 0.862695 0.00792523 71.9213 -0.0409153 0.0148044 0.999053 -0.947122
0.893277 -0.447356 0.043917 38.2261 0.447523 0.894249 0.00649789 72.1117 -0.0421796 0.0138495 0.999014 -0.973403
0.920313 -0.388779 0.0432868 38.5826 0.388939 0.92125 0.00500461 72.2542 -0.0418236 0.0122301 0.99905 -0.96358
0.943213 -0.329008 0.0458694 38.9401 0.329133 0.94427 0.0050138 72.3325 -0.0449627 0.010368 0.998935 -0.969307
0.961981 -0.268905 0.0477799 39.3252 0.268895 0.963146 0.00674988 72.381 -0.0478341 0.00635453 0.998835 -1.00053
0.976889 -0.207925 0.0495502 39.6893 0.207839 0.978139 0.00693193 72.4547 -0.0499083 0.00352672 0.998748 -1.00887
0.987854 -0.147189 0.0497947 40.0653 0.147154 0.989104 0.00438064 72.5097 -0.0498969 0.00300006 0.99875 -1.04304
0.994872 -0.088237 0.0494325 40.4474 0.0883537 0.996089 -0.000176539 72.5237 -0.0492236 0.00454318 0.998777 -1.04198
0.998284 -0.031919 0.0491028 40.8158 0.0319363 0.99949 0.000432979 72.4998 -0.0490916 0.00113592 0.998794 -1.01543
0.998512 0.0223064 0.0497557 41.2342 -0.0225515 0.999736 0.00436946 72.4974 -0.0496451 -0.00548502 0.998752 -1.01534
0.99606 0.0742113 0.0485391 41.6222 -0.0745979 0.997194 0.00619859 72.4754 -0.0479429 -0.00979509 0.998802 -1.05978
0.991299 0.12328 0.0461411 42.0022 -0.123493 0.992344 0.001784 72.4272 -0.0455679 -0.00746659 0.998933 -1.12625
0.985094 0.165852 0.0456354 42.3887 -0.165507 0.986144 -0.01127 72.3143 -0.0468722 0.00354902 0.998895 -1.13996
0.977703 0.204399 0.0481363 42.7762 -0.203796 0.978863 -0.0171616 72.2298 -0.0506267 0.00696889 0.998693 -1.14439
0.970261 0.237402 0.0472773 43.1507 -0.237024 0.97141 -0.0135248 72.1367 -0.0491364 0.00191672 0.99879 -1.11411
0.962277 0.268252 0.0454274 43.5295 -0.268259 0.963328 -0.00604108 72.0483 -0.045382 -0.00637313 0.998949 -1.0955
0.95392 0.296848 0.043796 43.936 -0.297175 0.954823 0.00100507 71.9601 -0.0415191 -0.0139738 0.99904 -1.12752
0.945679 0.322315 0.0424786 44.3411 -0.322714 0.946492 0.00272376 71.8653 -0.0393277 -0.0162842 0.999094 -1.14531
0.937926 0.344684 0.0385629 44.703 -0.344806 0.938667 -0.00364851 71.6605 -0.0374553 -0.00987471 0.99925 -1.18135
0.930539 0.364903 0.0307075 45.099 -0.364857 0.931035 -0.00727415 71.5292 -0.0312441 -0.00443498 0.999502 -1.19287
0.923294 0.383358 0.0237718 45.5121 -0.383306 0.923596 -0.00690331 71.3577 -0.024602 -0.0027381 0.999694 -1.20592
0.916195 0.400064 0.023141 45.9215 -0.400095 0.916467 -0.00345096 71.1718 -0.0225885 -0.00609684 0.999726 -1.21708
0.909788 0.414072 0.0288136 46.3294 -0.41419 0.910188 -0.00200126 70.9427 -0.0270544 -0.0101136 0.999583 -1.22127
0.903283 0.427804 0.032621 46.7778 -0.42794 0.903802 -0.00304178 70.7747 -0.0307842 -0.0112122 0.999463 -1.24995
0.8976 0.439584 0.0328853 47.1938 -0.439612 0.898162 -0.00673502 70.5857 -0.0324969 -0.00841142 0.999436 -1.2615
0.891978 0.450947 0.0319767 47.6808 -0.4509 0.892529 -0.00908101 70.3504 -0.0326351 -0.0063182 0.999447 -1.28401
0.887843 0.459223 0.0291209 48.1049 -0.459065 0.888318 -0.0123051 70.1215 -0.0315194 -0.00244336 0.9995 -1.30663
0.883486 0.467686 0.0268726 48.5759 -0.467413 0.883893 -0.0160444 69.8547 -0.0312563 0.00161437 0.99951 -1.31814
0.880816 0.47278 0.0253467 49.0839 -0.472464 0.881173 -0.017646 69.6004 -0.0306775 0.00356747 0.999523 -1.32582
0.878625 0.47686 0.0249341 49.5795 -0.476558 0.878973 -0.0172913 69.3367 -0.030162 0.00330998 0.99954 -1.34342
0.875893 0.481806 0.0259691 50.0858 -0.481548 0.876277 -0.0158183 69.0657 -0.0303775 0.00134976 0.999538 -1.36504
0.8729 0.487283 0.0245216 50.6525 -0.486996 0.873239 -0.0169705 68.7785 -0.0296826 0.00287158 0.999555 -1.38055
0.871159 0.490368 0.0249137 51.1682 -0.490091 0.871512 -0.0166355 68.4846 -0.0298702 0.0022822 0.999551 -1.39689
0.869826 0.492732 0.0248679 51.7128 -0.492465 0.870179 -0.016342 68.1632 -0.0296918 0.00196808 0.999557 -1.41669
0.868648 0.494881 0.0233226 52.2709 -0.494554 0.868949 -0.018536 67.845 -0.0294392 0.00456698 0.999556 -1.42515
0.868451 0.495323 0.0211448 52.8452 -0.494896 0.868662 -0.022456 67.4893 -0.0294907 0.00903751 0.999524 -1.44507
0.868886 0.494546 0.0214844 53.4384 -0.494132 0.86911 -0.0219385 67.1525 -0.0295219 0.00844595 0.999528 -1.47448
0.869746 0.493097 0.0199359 54.0817 -0.492579 0.869881 -0.0259367 66.802 -0.0301312 0.0127383 0.999465 -1.48178
0.871118 0.490769 0.0173179 54.7116 -0.490157 0.871104 -0.0304131 66.46 -0.0300114 0.0180049 0.999387 -1.50093
0.873607 0.486342 0.0168169 55.3786 -0.485729 0.873568 -0.0307495 66.0872 -0.0296455 0.0186945 0.999386 -1.51721
0.875668 0.482554 0.0186124 56.0402 -0.481917 0.875687 -0.0304798 65.7372 -0.0310068 0.0177206 0.999362 -1.53931
0.878043 0.478173 0.0197755 56.7181 -0.477516 0.878096 -0.0304258 65.38 -0.0319136 0.017272 0.999341 -1.57138
0.879597 0.47529 0.0202233 57.4017 -0.474547 0.879618 -0.0328169 65.0449 -0.0333863 0.0192687 0.999257 -1.59601
0.881109 0.472466 0.0205494 58.1292 -0.471736 0.88115 -0.0322589 64.6628 -0.0333483 0.0187297 0.999268 -1.63292
0.883341 0.468163 0.023086 58.8295 -0.467538 0.883534 -0.0278364 64.2682 -0.0334293 0.0137954 0.999346 -1.62159
0.885108 0.464908 0.0211031 59.5547 -0.464436 0.885288 -0.0237749 63.8948 -0.0297354 0.0112423 0.999495 -1.65858
0.885743 0.463809 0.0184268 60.2944 -0.463469 0.885888 -0.0199961 63.5445 -0.0255984 0.00917121 0.99963 -1.67213
0.88598 0.463357 0.0184371 61.0191 -0.463106 0.886151 -0.016396 63.191 -0.0239353 0.00598816 0.999696 -1.66911
0.886021 0.463188 0.0205904 61.7453 -0.463019 0.886258 -0.012638 62.8088 -0.0241022 0.00166384 0.999708 -1.68386
0.885811 0.463521 0.0220804 62.4908 -0.463377 0.886086 -0.0115631 62.3933 -0.0249249 1.11898e-05 0.999689 -1.71655
0.885997 0.463156 0.022259 63.1473 -0.462922 0.886271 -0.0150485 62.0534 -0.0266974 0.00302874 0.999639 -1.73747
0.886611 0.461886 0.0241247 63.895 -0.461702 0.886939 -0.0130417 61.6734 -0.0274209 0.000424502 0.999624 -1.76199
0.886321 0.462383 0.0252475 64.6361 -0.462241 0.886679 -0.0115656 61.2912 -0.0277342 -0.0014196 0.999614 -1.75676
0.886178 0.462701 0.024399 65.3496 -0.462536 0.886514 -0.0123737 60.9433 -0.0273554 -0.000320107 0.999626 -1.76949
0.885755 0.463509 0.0244539 66.062 -0.46341 0.886089 -0.00992247 60.5746 -0.0262675 -0.0025433 0.999652 -1.76666
0.884663 0.465584 0.0245618 66.7825 -0.465509 0.884997 -0.00901409 60.2064 -0.0259339 -0.00345931 0.999658 -1.81529
0.882482 0.46949 0.0283792 67.5085 -0.469573 0.882884 -0.00407494 59.8471 -0.0269687 -0.00973005 0.999589 -1.8499
0.880553 0.472911 0.0313146 68.2554 -0.473012 0.881044 -0.00456283 59.4406 -0.0297474 -0.0107944 0.999499 -1.83702
0.8781 0.477356 0.0327318 68.9461 -0.477411 0.878655 -0.00659684 59.0643 -0.031909 -0.00983386 0.999442 -1.84415
0.874423 0.483948 0.0343463 69.674 -0.484078 0.875011 -0.0049797 58.6602 -0.0324633 -0.0122719 0.999398 -1.85578
0.869856 0.492063 0.0349823 70.4187 -0.492289 0.870429 -0.00244834 58.2663 -0.0316544 -0.0150917 0.999385 -1.88084
0.864851 0.500861 0.0342189 71.0738 -0.501015 0.865427 -0.0045288 57.8934 -0.0318823 -0.0132275 0.999404 -1.88629
0.859222 0.510466 0.0340915 71.7514 -0.510536 0.859826 -0.00728585 57.5075 -0.0330319 -0.0111447 0.999392 -1.93683
0.853976 0.519002 0.036907 72.4569 -0.519243 0.854619 -0.00344735 57.0979 -0.0333306 -0.0162197 0.999313 -1.97604
0.847743 0.529033 0.0381474 73.1511 -0.529359 0.848396 -0.00180908 56.6673 -0.0333212 -0.01866 0.99927 -1.98774
0.841715 0.538509 0.0390394 73.7973 -0.538895 0.842372 -0.000740769 56.2408 -0.0332846 -0.0204146 0.999237 -1.99082
0.835302 0.548232 0.0413721 74.4806 -0.54874 0.835993 0.00110547 55.7981 -0.0339807 -0.0236259 0.999143 -2.02565
0.829566 0.55707 0.0386465 75.1181 -0.557492 0.830182 0.000185978 55.3893 -0.03198 -0.0216994 0.999253 -2.02374
0.823904 0.565466 0.0378355 75.7748 -0.565846 0.82451 -0.000776739 54.9524 -0.0316349 -0.0207691 0.999284 -2.04359
0.819283 0.572193 0.0370165 76.3578 -0.572641 0.819804 0.00184829 54.5353 -0.0292887 -0.0227114 0.999313 -2.0722
0.813643 0.580095 0.0384059 76.9931 -0.580677 0.814118 0.00514188 54.0774 -0.0282842 -0.0264851 0.999249 -2.05469
0.80804 0.587839 0.0389419 77.6163 -0.588435 0.80853 0.00496691 53.6423 -0.028566 -0.0269283 0.999229 -2.07987
0.80263 0.595224 0.0386396 78.2126 -0.595782 0.803137 0.00378245 53.1838 -0.0287815 -0.0260567 0.999246 -2.08478
0.799063 0.599955 0.0393998 78.7962 -0.600513 0.799609 0.00301785 52.7697 -0.0296939 -0.0260716 0.999219 -2.08319
0.795047 0.605179 0.0407275 79.3531 -0.605728 0.79567 0.00146664 52.3128 -0.031518 -0.0258358 0.999169 -2.11258
0.792739 0.608282 0.039472 79.9513 -0.608671 0.793418 -0.00264473 51.8763 -0.0329265 -0.0219289 0.999217 -2.12773
0.790903 0.610607 0.0403923 80.4972 -0.610971 0.791643 -0.00405562 51.4461 -0.0344527 -0.0214709 0.999176 -2.13201
0.789451 0.612488 0.0403233 81.0977 -0.612768 0.790236 -0.00642974 50.976 -0.035803 -0.0196329 0.999166 -2.16707
0.789119 0.613109 0.0372583 81.6506 -0.613235 0.789846 -0.00927721 50.5909 -0.0351163 -0.0155273 0.999263 -2.17675
0.789295 0.613043 0.0345317 82.1621 -0.613017 0.78997 -0.0125763 50.1829 -0.0349888 -0.0112421 0.999325 -2.18493
0.790929 0.61092 0.0347694 82.6805 -0.610974 0.791584 -0.0102673 49.798 -0.0337954 -0.0131225 0.999343 -2.2129
0.794372 0.606519 0.0332818 83.1283 -0.606523 0.794988 -0.0111234 49.4363 -0.0332052 -0.0113501 0.999384 -2.22852
0.799827 0.599463 0.0303384 83.623 -0.59944 0.800346 -0.0108418 49.084 -0.0307805 -0.00951449 0.999481 -2.23931
0.806783 0.589878 0.0338415 84.1201 -0.590012 0.807364 -0.00692394 48.6862 -0.0314067 -0.0143808 0.999403 -2.24629
0.814748 0.578776 0.0346921 84.5685 -0.578961 0.815337 -0.00548019 48.399 -0.0314576 -0.0156204 0.999383 -2.2522
0.824268 0.56522 0.0332784 85.0083 -0.565419 0.824794 -0.00402147 48.0797 -0.0297208 -0.0155014 0.999438 -2.2823
0.835231 0.549244 0.0268522 85.4842 -0.54925 0.835622 -0.0077863 47.808 -0.0267148 -0.00824522 0.999609 -2.32023
0.846903 0.531135 0.0255001 85.9677 -0.531174 0.847243 -0.00579783 47.5452 -0.0246843 -0.00863481 0.999658 -2.31502
0.861267 0.507494 0.0258609 86.4262 -0.507588 0.861593 -0.00325705 47.3959 -0.0239345 -0.0103215 0.99966 -2.31314
0.876458 0.480876 0.0240873 86.8866 -0.480935 0.876749 -0.00362767 47.1781 -0.022863 -0.00840495 0.999703 -2.33683
0.893764 0.447792 0.0258548 87.3589 -0.447874 0.894092 -0.00286765 46.9482 -0.0244007 -0.00901669 0.999662 -2.34619
0.91104 0.411412 0.0273117 87.8602 -0.411411 0.911431 -0.00594765 46.7787 -0.0273397 -0.00581779 0.999609 -2.36847
0.928419 0.370266 0.0306704 88.3473 -0.370286 0.928903 -0.00523898 46.637 -0.0304296 -0.00649282 0.999516 -2.36229
0.94512 0.324793 0.0354727 88.8447 -0.32483 0.94576 -0.00487399 46.5134 -0.0351317 -0.00691608 0.999359 -2.37549
0.960536 0.275372 0.0392576 89.3387 -0.275428 0.961313 -0.00408917 46.4339 -0.0388649 -0.00688484 0.999221 -2.37868
0.97406 0.222634 0.0405136 89.8487 -0.222689 0.974884 -0.00320267 46.3782 -0.0402091 -0.00590235 0.999174 -2.36847
0.985848 0.163147 0.0385533 90.3301 -0.163134 0.986598 -0.00349132 46.365 -0.0386062 -0.00284745 0.99925 -2.38187
0.994646 0.097489 0.0342915 90.8242 -0.0973906 0.995236 -0.0045323 46.345 -0.0345699 0.00116837 0.999402 -2.40045
0.99909 0.0298484 0.0304756 91.2992 -0.0296859 0.999543 -0.00577365 46.3558 -0.030634 0.0048637 0.999519 -2.40073
0.998895 -0.0387705 0.0265582 91.7923 0.0389107 0.999231 -0.00478231 46.4171 -0.0263524 0.00581043 0.999636 -2.44036
0.993886 -0.107987 0.0229922 92.2475 0.108078 0.994139 -0.00274305 46.5059 -0.0225612 0.00521122 0.999732 -2.4483
0.983977 -0.177111 0.020499 92.691 0.177209 0.984168 -0.00307267 46.6396 -0.0196303 0.00665606 0.999785 -2.47629
0.969052 -0.246019 0.0203214 93.1578 0.246179 0.969207 -0.00575626 46.7894 -0.0182795 0.0105808 0.999777 -2.50201
0.950148 -0.310903 0.0236391 93.586 0.311116 0.950354 -0.0058729 46.9443 -0.0206396 0.0129346 0.999703 -2.48645
0.927191 -0.373453 0.0291571 93.966 0.37372 0.927533 -0.00410841 47.1413 -0.0255099 0.0147059 0.999566 -2.49521
0.899935 -0.434758 0.0331934 94.3834 0.435073 0.900392 -0.0025499 47.3807 -0.0287784 0.0167363 0.999446 -2.48755
0.870727 -0.49024 0.0387274 94.7829 0.490649 0.871356 -0.00122807 47.6405 -0.0331433 0.0200709 0.999249 -2.49836
0.839823 -0.541224 0.0421098 95.1866 0.541605 0.840629 0.00275382 47.9145 -0.0368892 0.0204942 0.999109 -2.48344
0.811299 -0.583086 0.042489 95.5442 0.583394 0.812167 0.0060188 48.1668 -0.0380177 0.0199048 0.999079 -2.46945
0.784039 -0.619377 0.0406746 95.8831 0.619437 0.784945 0.0126472 48.4648 -0.0397607 0.0152794 0.999092 -2.4827
0.760164 -0.648712 0.0363717 96.2165 0.648681 0.760927 0.0142615 48.787 -0.0369278 0.0127525 0.999236 -2.51098
0.738763 -0.673141 0.0333139 96.5559 0.673059 0.73943 0.0153094 49.0714 -0.0349388 0.0111122 0.999328 -2.56734
0.723452 -0.689445 0.0358094 96.8497 0.689551 0.724149 0.0112918 49.3994 -0.0337164 0.0165233 0.999295 -2.57433
0.710513 -0.702644 0.0382491 97.1938 0.702926 0.711221 0.00775706 49.7347 -0.032654 0.0213748 0.999238 -2.57702
0.702673 -0.710611 0.0358218 97.5293 0.710731 0.70337 0.0114798 50.1063 -0.0333536 0.0173931 0.999292 -2.57893
0.695397 -0.717874 0.032864 97.881 0.717885 0.696029 0.013573 50.4903 -0.032618 0.014154 0.999368 -2.58679
0.690772 -0.72252 0.0282442 98.2306 0.722377 0.691294 0.0168522 50.8552 -0.0317011 0.00876197 0.999459 -2.58514
0.688841 -0.724583 0.0218619 98.621 0.724387 0.689176 0.0172869 51.2952 -0.0275925 0.00392851 0.999612 -2.631
0.689415 -0.724108 0.0193519 98.9569 0.723924 0.689682 0.0165247 51.6703 -0.0253123 0.00261691 0.999676 -2.62584
0.691002 -0.722637 0.017662 99.3158 0.722475 0.691225 0.0154188 52.0434 -0.0233506 0.00210595 0.999725 -2.63934
0.695208 -0.718636 0.0157356 99.6987 0.718557 0.695378 0.0112526 52.4867 -0.0190287 0.00348403 0.999813 -2.66595
0.698663 -0.715363 0.0112237 100.09 0.715313 0.69875 0.00866697 52.9029 -0.0140426 0.00197318 0.999899 -2.64736
0.701682 -0.712442 0.00827461 100.495 0.71236 0.701729 0.0109749 53.3266 -0.0136255 -0.0018064 0.999906 -2.66535
0.705954 -0.708205 0.00862603 100.923 0.708034 0.705985 0.0165119 53.7834 -0.0177837 -0.00554912 0.999826 -2.68579
0.708878 -0.705188 0.0142144 101.379 0.704991 0.709018 0.0167807 54.2321 -0.0219118 -0.0018744 0.999758 -2.69565
0.711737 -0.702137 0.0208228 101.832 0.701977 0.712032 0.015425 54.6746 -0.025657 0.00363864 0.999664 -2.69694
0.714158 -0.699659 0.0213351 102.289 0.699327 0.714476 0.0215697 55.1353 -0.0303349 -0.000483986 0.99954 -2.7353
0.716556 -0.697177 0.0221684 102.757 0.696851 0.716899 0.0213144 55.5826 -0.0307524 0.000175154 0.999527 -2.75991
0.716555 -0.697121 0.0238819 103.255 0.697003 0.716925 0.0143288 56.0604 -0.0271105 0.0063784 0.999612 -2.74621
0.716628 -0.697014 0.0248329 103.728 0.697125 0.71693 0.00527351 56.5009 -0.0214792 0.0135325 0.999678 -2.74925
0.716241 -0.697631 0.0175954 104.22 0.697639 0.716418 0.00670742 57.0307 -0.017285 0.00747109 0.999823 -2.7701
0.714964 -0.69908 0.0106894 104.711 0.699043 0.715041 0.00750292 57.5263 -0.0128885 0.00210806 0.999915 -2.77426
0.712631 -0.701483 0.00881318 105.215 0.701336 0.712671 0.0150842 58.0311 -0.0168622 -0.00456848 0.999847 -2.80533
0.711376 -0.702626 0.0161673 105.718 0.702432 0.711559 0.0165113 58.529 -0.0231053 -0.0003893 0.999733 -2.81081
0.709844 -0.704011 0.0221145 106.219 0.703849 0.710175 0.0157282 59.0658 -0.026778 0.00440075 0.999632 -2.81488
0.708279 -0.705641 0.0202672 106.762 0.705454 0.708564 0.0164612 59.6117 -0.0259763 0.00263845 0.999659 -2.81706
0.706711 -0.707243 0.0191445 107.286 0.707145 0.706956 0.0126139 60.1482 -0.0224554 0.00462354 0.999737 -2.80183
0.703355 -0.710638 0.016878 107.844 0.710604 0.703535 0.008995 60.6756 -0.0182664 0.00566686 0.999817 -2.83363
0.701475 -0.712583 0.0125788 108.358 0.712506 0.701586 0.0105887 61.228 -0.0163704 0.00153474 0.999865 -2.85692
0.698234 -0.715789 0.0107181 108.933 0.715665 0.698314 0.0134315 61.818 -0.0170987 -0.00170778 0.999852 -2.90565
0.695184 -0.718683 0.0146214 109.52 0.718615 0.69533 0.0103806 62.4049 -0.017627 0.00329074 0.999839 -2.90639
0.692944 -0.720835 0.0150183 110.072 0.720716 0.693105 0.0132033 62.9316 -0.0199267 0.00167475 0.9998 -2.91308
0.692631 -0.721118 0.0158364 110.636 0.720984 0.69281 0.0140262 63.529 -0.0210862 0.00170282 0.999776 -2.93866
0.692232 -0.7215 0.0158939 111.203 0.721328 0.692415 0.0157346 64.1038 -0.0223577 0.000572737 0.99975 -2.96169
0.691972 -0.721702 0.0179345 111.791 0.721518 0.692202 0.0163537 64.7354 -0.0242168 0.00162372 0.999705 -2.95964
0.6919 -0.721786 0.0173128 112.379 0.721623 0.692114 0.0154584 65.34 -0.0231401 0.0017976 0.999731 -2.96655
0.692492 -0.721341 0.0110442 112.927 0.721134 0.692567 0.0178271 65.9448 -0.0205082 -0.00438077 0.99978 -2.98039
0.693776 -0.720188 0.00196782 113.496 0.719947 0.69361 0.024104 66.5766 -0.0187243 -0.0153061 0.999708 -2.99393
0.696067 -0.717975 -0.00158158 114.088 0.717723 0.69576 0.0281458 67.2071 -0.0191076 -0.0207265 0.999603 -3.00188
0.69854 -0.715571 -0.000424536 114.667 0.71526 0.698219 0.02989 67.8007 -0.021092 -0.0211831 0.999553 -3.04453
0.700722 -0.713431 -0.002117 115.287 0.713146 0.700352 0.0305017 68.4564 -0.0202782 -0.022883 0.999532 -3.06988
0.701589 -0.712575 -0.00307908 115.887 0.712306 0.701191 0.0308241 69.0739 -0.0198054 -0.0238191 0.99952 -3.10808
0.702724 -0.711462 0.000896303 116.483 0.71121 0.702507 0.0257839 69.6489 -0.0189739 -0.0174815 0.999667 -3.09451
0.70265 -0.711535 0.000894697 117.099 0.71131 0.702458 0.0243062 70.2681 -0.0179232 -0.0164423 0.999704 -3.11682
0.703449 -0.710739 0.00303593 117.741 0.710526 0.703331 0.0218601 70.9199 -0.0176721 -0.0132204 0.999756 -3.11755
0.703913 -0.710286 0.000290306 118.329 0.710006 0.703647 0.0277974 71.5099 -0.0199483 -0.0193608 0.999613 -3.09895
0.705055 -0.709152 4.5387e-05 118.948 0.708717 0.704625 0.0349883 72.1376 -0.024844 -0.0246365 0.999388 -3.1269
0.705863 -0.708344 0.00250324 119.544 0.707673 0.705339 0.0411761 72.7538 -0.0309325 -0.0272932 0.999149 -3.15989
0.706472 -0.707739 0.00198308 120.132 0.707255 0.706087 0.0350991 73.3457 -0.0262412 -0.0233939 0.999382 -3.18178
0.707367 -0.706836 -0.00389512 120.712 0.706745 0.707162 0.0208365 73.9252 -0.0119735 -0.0174919 0.999775 -3.20073
0.7066 -0.707582 -0.00663291 121.317 0.707586 0.70646 0.0153875 74.5304 -0.006202 -0.0155661 0.99986 -3.17409
0.70641 -0.707798 -0.00255409 121.89 0.707701 0.706243 0.0195024 75.1147 -0.012 -0.0155843 0.999806 -3.15965
0.705052 -0.709066 0.0112838 122.526 0.708506 0.704997 0.0315979 75.7869 -0.03036 -0.0142835 0.999437 -3.19039
0.70386 -0.709854 0.0262227 123.137 0.708883 0.704301 0.038 76.3842 -0.0454431 -0.00815781 0.998934 -3.20463
0.703519 -0.710351 0.0215232 123.727 0.709569 0.70379 0.0345085 76.9508 -0.039661 -0.00900523 0.999173 -3.23076
0.702472 -0.711639 0.010179 124.292 0.711206 0.70244 0.0276572 77.5637 -0.0268321 -0.012189 0.999566 -3.24693
0.701971 -0.712205 0.000801651 124.845 0.712036 0.701827 0.0210586 78.1475 -0.0155607 -0.0142117 0.999778 -3.25007
0.701042 -0.713117 -0.00225845 125.409 0.712963 0.700817 0.0232295 78.7078 -0.0149826 -0.017895 0.999728 -3.25064
0.698758 -0.715358 0.000369159 125.995 0.715141 0.698558 0.0242971 79.3222 -0.017639 -0.0167138 0.999705 -3.25406
0.696447 -0.717608 0.00116173 126.556 0.717418 0.696298 0.0219143 79.9356 -0.0165348 -0.0144287 0.999759 -3.24642
0.693013 -0.720921 0.00227609 127.115 0.72076 0.692919 0.0191575 80.5307 -0.0153882 -0.0116359 0.999814 -3.24461
0.690638 -0.723198 -0.00189051 127.701 0.723047 0.690435 0.0224184 81.1359 -0.0149077 -0.0168499 0.999747 -3.27289
0.68893 -0.724808 -0.00538695 128.244 0.724679 0.688619 0.0253734 81.732 -0.0146813 -0.0213843 0.999663 -3.25034
0.687535 -0.72614 -0.00404563 128.777 0.725957 0.687211 0.0269847 82.3308 -0.0168145 -0.0214899 0.999628 -3.25567
0.686758 -0.726886 -0.00096813 129.354 0.72658 0.686429 0.0299632 82.9272 -0.0211153 -0.0212809 0.999551 -3.29393
0.685472 -0.728099 0.000814589 129.877 0.727787 0.68521 0.0285188 83.4757 -0.0213226 -0.018956 0.999593 -3.28091
0.683886 -0.729588 0.00109187 130.434 0.729347 0.683698 0.0247216 84.1114 -0.0187831 -0.0161104 0.999694 -3.28988
0.680646 -0.732608 0.00259772 131.007 0.732463 0.680574 0.0178033 84.7337 -0.0148108 -0.010215 0.999838 -3.2815
0.675876 -0.737007 0.00346651 131.558 0.736891 0.675842 0.0151245 85.3082 -0.0134897 -0.00766786 0.99988 -3.29957
0.670552 -0.741846 0.00503291 132.098 0.741679 0.670521 0.0177226 85.9058 -0.0165221 -0.00815109 0.99983 -3.32895
0.665737 -0.746104 0.0110907 132.644 0.745761 0.665786 0.0238547 86.5248 -0.0251821 -0.00760999 0.999654 -3.3307
0.662372 -0.748973 0.0173912 133.195 0.748399 0.662564 0.0301355 87.125 -0.0340934 -0.00694534 0.999394 -3.33683
0.659476 -0.751476 0.0193735 133.716 0.750732 0.65971 0.0344129 87.7233 -0.0386414 -0.00815012 0.99922 -3.32902
0.656457 -0.754232 0.0141203 134.243 0.753648 0.656534 0.0312755 88.3562 -0.0328594 -0.00988934 0.999411 -3.36638
0.651741 -0.758353 0.011623 134.739 0.758021 0.651813 0.0233174 88.9655 -0.0252588 -0.00638638 0.99966 -3.37971
0.646404 -0.762933 0.00975346 135.26 0.762786 0.646473 0.0151415 89.5743 -0.0178573 -0.00234774 0.999838 -3.39954
0.64137 -0.767218 0.00460066 135.774 0.767075 0.641349 0.0163631 90.1944 -0.0155047 -0.00696576 0.999856 -3.42008
0.635095 -0.772433 -0.000650318 136.281 0.772202 0.634884 0.0250405 90.8343 -0.0189293 -0.0164053 0.999686 -3.42456
0.628842 -0.777528 -0.00272575 136.788 0.777295 0.62856 0.0269267 91.4682 -0.0192229 -0.0190513 0.999634 -3.46407
0.622452 -0.782633 -0.00622498 137.239 0.78251 0.62216 0.0243884 92.099 -0.0152143 -0.0200517 0.999683 -3.42946
0.615827 -0.787854 -0.00658093 137.747 0.787782 0.615595 0.0210052 92.7386 -0.0124978 -0.0181199 0.999758 -3.46082
0.608797 -0.793289 -0.00771101 138.274 0.793199 0.608496 0.0238264 93.4203 -0.0142091 -0.0206218 0.999686 -3.47881
0.601778 -0.798619 -0.00840049 138.779 0.798465 0.601361 0.0286119 94.1087 -0.0177983 -0.0239255 0.999555 -3.49754
0.59559 -0.803237 -0.00908735 139.287 0.802972 0.594999 0.0348251 94.7945 -0.0225659 -0.0280384 0.999352 -3.49752
0.588941 -0.808157 -0.00544966 139.765 0.807709 0.588359 0.0379381 95.4849 -0.0274536 -0.0267451 0.999265 -3.5139
0.583632 -0.812005 -0.00455369 140.218 0.811457 0.583012 0.0404286 96.125 -0.0301733 -0.0272905 0.999172 -3.53323
0.57973 -0.814782 -0.00656734 140.719 0.814328 0.579093 0.0389976 96.8237 -0.0279714 -0.027956 0.999218 -3.54101
0.576353 -0.817136 -0.0102355 141.172 0.816851 0.575696 0.0364541 97.5073 -0.0238955 -0.0293714 0.999283 -3.5294
0.573649 -0.818928 -0.0168682 141.618 0.818904 0.572937 0.0337578 98.1672 -0.0179808 -0.0331785 0.999288 -3.54018
0.571491 -0.820291 -0.0228232 142.074 0.820475 0.570676 0.0339044 98.8463 -0.0147868 -0.0381019 0.999164 -3.57488
0.568315 -0.822455 -0.024214 142.543 0.822647 0.567367 0.0366888 99.5332 -0.0164367 -0.0407703 0.999033 -3.57426
0.566238 -0.823981 -0.0207323 143.014 0.823862 0.565034 0.0445836 100.233 -0.0250217 -0.0423255 0.99879 -3.59857
0.562934 -0.826325 -0.017092 143.478 0.82584 0.561535 0.0516442 100.949 -0.0330771 -0.0431876 0.998519 -3.58201
0.559623 -0.828613 -0.0149506 143.937 0.828144 0.558435 0.0482553 101.596 -0.031636 -0.039386 0.998723 -3.59787
0.555145 -0.831731 -0.00611793 144.397 0.831402 0.554681 0.0331551 102.275 -0.0241826 -0.0234923 0.999431 -3.63632
0.549868 -0.835244 -0.00352367 144.835 0.835043 0.549632 0.0246586 102.964 -0.0186592 -0.0165014 0.99969 -3.65965
0.544106 -0.838836 -0.0174105 145.296 0.838805 0.543386 0.0337237 103.669 -0.018828 -0.0329533 0.999279 -3.67326
0.537409 -0.843163 -0.0163828 145.734 0.842983 0.536541 0.0387645 104.368 -0.0238947 -0.0346428 0.999114 -3.70472
0.530943 -0.847389 -0.0055753 146.156 0.846958 0.530436 0.0360554 105.069 -0.0275956 -0.0238654 0.999334 -3.68127
0.525816 -0.850597 0.00165692 146.599 0.850039 0.52554 0.0352234 105.762 -0.0308317 -0.0171126 0.999378 -3.69395
0.521114 -0.853431 0.00982427 147.038 0.852907 0.52115 0.0308733 106.48 -0.0314681 -0.0077093 0.999475 -3.69555
0.516008 -0.856437 0.0158395 147.461 0.856162 0.516246 0.0218146 107.182 -0.0268599 0.00230473 0.999637 -3.70068
0.510248 -0.859878 0.016019 147.902 0.85983 0.510441 0.0119133 107.911 -0.0184208 0.00769492 0.999801 -3.71943
0.504775 -0.863128 0.014578 148.335 0.86316 0.504895 0.00599594 108.586 -0.0125356 0.00955652 0.999876 -3.71535
0.498087 -0.867012 0.0141224 148.745 0.866965 0.498243 0.0112443 109.333 -0.0167853 0.00664299 0.999837 -3.72079
0.493511 -0.869641 0.0130804 149.182 0.869325 0.493684 0.0234356 110.108 -0.0268382 -0.000194643 0.99964 -3.74311
0.489302 -0.871991 0.0146614 149.597 0.87136 0.489509 0.0333501 110.884 -0.0362579 -0.00354292 0.999336 -3.74302
0.486102 -0.873771 0.015121 150.027 0.873197 0.486332 0.0317612 111.629 -0.0351058 -0.00223552 0.999381 -3.77252
0.484741 -0.874489 0.0171604 150.425 0.874269 0.485017 0.0202988 112.374 -0.0260742 0.00516318 0.999647 -3.77931
0.482172 -0.876075 0.00152913 150.739 0.875922 0.482119 0.0179352 113.046 -0.0164498 -0.00730844 0.999838 -3.81584
0.480254 -0.877127 -0.00178114 151.147 0.877017 0.480159 0.0169835 113.795 -0.0140415 -0.0097185 0.999854 -3.83173
0.478739 -0.877957 -9.28958e-05 151.55 0.877808 0.478655 0.0185106 114.542 -0.0162071 -0.0089433 0.999829 -3.84137
0.477657 -0.878541 0.0029768 151.971 0.878289 0.477596 0.0226102 115.3 -0.0212857 -0.00818544 0.99974 -3.85138
0.477571 -0.87858 0.00485267 152.401 0.878132 0.477492 0.029757 116.083 -0.028461 -0.00994979 0.999545 -3.87816
0.475964 -0.879421 0.00875429 152.794 0.878975 0.476007 0.0286328 116.851 -0.0293474 -0.00593336 0.999552 -3.87934
0.474328 -0.880243 0.013628 153.183 0.880032 0.474515 0.019473 117.588 -0.0236077 0.00275644 0.999717 -3.89825
0.473009 -0.880999 0.0101778 153.595 0.880972 0.473093 0.00846323 118.344 -0.0122712 0.00496319 0.999912 -3.9066
0.471135 -0.881957 0.0135508 154.019 0.882037 0.471179 0.000117361 119.083 -0.00648836 0.011897 0.999908 -3.89405
0.469292 -0.882978 0.0107619 154.396 0.882967 0.469377 0.00744894 119.821 -0.0116286 0.00600664 0.999914 -3.91392
0.467997 -0.883648 0.0120638 154.823 0.88354 0.468136 0.0143636 120.607 -0.0183399 0.00393678 0.999824 -3.89065
0.466932 -0.884163 0.0151861 155.19 0.884026 0.467145 0.0165475 121.327 -0.0217248 0.00569833 0.999748 -3.90609
0.466213 -0.884337 0.0243448 155.578 0.88445 0.466536 0.00958254 122.117 -0.0198319 0.0170643 0.999658 -3.88447
0.46636 -0.884426 0.0172756 155.979 0.884469 0.466534 0.00775062 122.883 -0.0149145 0.0116651 0.999821 -3.87891
0.466434 -0.884489 0.0109026 156.33 0.884446 0.466535 0.0100061 123.589 -0.0139367 0.00497558 0.999891 -3.91277
0.465465 -0.885044 0.00631439 156.687 0.884923 0.465507 0.0146707 124.35 -0.0159236 -0.00124094 0.999872 -3.91292
0.464854 -0.885312 0.0115434 157.075 0.885213 0.464981 0.0137718 125.108 -0.0175598 0.00381653 0.999839 -3.87341
0.464938 -0.885282 0.0104167 157.435 0.885112 0.465053 0.017369 125.84 -0.0202208 0.00114443 0.999795 -3.89077
0.464311 -0.88557 0.0134764 157.859 0.885452 0.464481 0.0152603 126.618 -0.0197736 0.00484714 0.999793 -3.85717
0.463696 -0.885886 0.0138759 158.23 0.885846 0.463848 0.0110427 127.315 -0.0162188 0.00717149 0.999843 -3.85432
0.463008 -0.886336 0.00571072 158.559 0.886267 0.463043 0.0110447 128.018 -0.0124336 -5.25732e-05 0.999923 -3.88669
0.461421 -0.887179 -0.00210157 158.967 0.88707 0.461324 0.016968 128.793 -0.0140842 -0.00969364 0.999854 -3.88733
0.459921 -0.88796 -0.000174673 159.336 0.887746 0.459805 0.0220495 129.529 -0.0194987 -0.0102961 0.999757 -3.91401
0.458306 -0.888744 0.00950051 159.69 0.888367 0.458391 0.0261062 130.204 -0.0275566 -0.00352468 0.999614 -3.87683
0.457336 -0.889066 0.0201301 160.036 0.888777 0.457724 0.0237372 130.857 -0.030318 0.00703533 0.999516 -3.85575
0.456653 -0.889399 0.0209303 160.354 0.889243 0.457028 0.0193081 131.497 -0.0267383 0.00979507 0.999595 -3.84742
0.457754 -0.888962 0.0144419 160.701 0.888873 0.457937 0.0141212 132.181 -0.0191666 0.00637295 0.999796 -3.879
0.458453 -0.888679 0.00833374 161.03 0.888603 0.458525 0.0118226 132.847 -0.0143278 0.00198525 0.999895 -3.89842
0.459295 -0.888225 0.0102505 161.382 0.888216 0.459372 0.00707527 133.489 -0.0109932 0.00585506 0.999922 -3.93119
0.461991 -0.886838 0.009074 161.662 0.886855 0.462034 0.0033865 134.056 -0.00719578 0.00648279 0.999953 -3.93362
0.466124 -0.884658 0.0104189 161.981 0.884695 0.466166 0.0019251 134.662 -0.00655998 0.00832018 0.999944 -3.91219
0.470735 -0.882228 0.00904658 162.303 0.882204 0.470802 0.00778412 135.269 -0.0111265 0.00431668 0.999929 -3.88393
0.47599 -0.879373 0.0116562 162.618 0.879256 0.476122 0.0147191 135.829 -0.0184933 0.00324263 0.999824 -3.87602
