0.492806 -0.869677 0.0283495 1.09739 0.870006 0.493038 0.00141111 1.30894 -0.0152046 0.0239688 0.999597 0.780336
0.488331 -0.872177 0.0289912 1.75149 0.87249 0.48862 0.00342514 2.42437 -0.017153 0.023622 0.999574 0.746725
0.485909 -0.873357 0.0337607 1.72297 0.873778 0.486307 0.00426587 2.45018 -0.0201437 0.0274265 0.999421 0.742728
0.483752 -0.87465 0.0311556 2.62477 0.875007 0.484094 0.0040686 3.94931 -0.0186408 0.0252932 0.999506 0.744526
0.481534 -0.875849 0.0318202 2.55492 0.876228 0.481883 0.00392712 3.93756 -0.0187732 0.0259907 0.999486 0.720881
0.480535 -0.876398 0.0318075 3.59598 0.876802 0.480848 0.00258572 5.78265 -0.0175607 0.0266464 0.999491 0.728362
0.478791 -0.877193 0.0359487 3.59254 0.87773 0.479157 0.00182681 5.72208 -0.0188275 0.0306785 0.999352 0.7354
0.47777 -0.877715 0.0367812 4.4393 0.878291 0.478132 0.00122594 7.37303 -0.0186622 0.0317188 0.999323 0.697898
0.475322 -0.879111 0.0351346 4.61181 0.879639 0.47565 0.00115708 7.6496 -0.017729 0.0303557 0.999383 0.692663
0.475505 -0.879092 0.0330656 5.13517 0.879593 0.475738 -0.000880264 8.74129 -0.0149567 0.0295028 0.999454 0.680977
0.473212 -0.88049 0.0284805 5.55591 0.880852 0.473406 0.000151172 9.50416 -0.013616 0.0250155 0.999596 0.645967
0.47362 -0.880295 0.027715 6.02897 0.880634 0.473813 0.000497473 10.4016 -0.0135697 0.0241712 0.999618 0.662548
0.471495 -0.881382 0.0293587 6.46004 0.881751 0.471731 0.00135409 11.2536 -0.0150429 0.0252487 0.999571 0.635381
0.471162 -0.881566 0.0291908 6.91399 0.881933 0.471392 0.00123537 12.0478 -0.0148494 0.0251623 0.999577 0.664086
0.469954 -0.8822 0.0294973 7.29579 0.88256 0.470214 0.00224374 12.8848 -0.0158495 0.0249787 0.999567 0.622874
0.468639 -0.882879 0.0301253 7.76362 0.883293 0.468841 -0.000307842 13.6561 -0.0138523 0.0267538 0.999551 0.653134
0.467612 -0.883389 0.0311267 8.19893 0.883822 0.467844 0.000260932 14.4712 -0.014793 0.0273885 0.999521 0.617357
0.467036 -0.88373 0.0300699 8.62287 0.884129 0.467265 0.000735454 15.3016 -0.0147006 0.0262422 0.999554 0.65826
0.466626 -0.883902 0.0313695 9.04837 0.884242 0.467012 0.00602516 16.1369 -0.0199757 0.0249269 0.999496 0.584739
0.467646 -0.883289 0.0333774 9.50487 0.883715 0.468029 0.0043801 16.9724 -0.0194905 0.0274479 0.999441 0.638761
0.469065 -0.882553 0.0329593 9.95792 0.882787 0.469638 0.012218 17.8182 -0.026262 0.0233652 0.99939 0.572841
0.470493 -0.881589 0.0380099 10.3931 0.882167 0.470948 0.0035663 18.6395 -0.0210447 0.0318533 0.99928 0.62432
0.471916 -0.880918 0.0358502 10.8082 0.881293 0.472498 0.00955029 19.479 -0.0253522 0.0270879 0.999321 0.552219
0.473444 -0.880219 0.0327485 11.2337 0.880742 0.473613 -0.00283208 20.2853 -0.0130174 0.0301841 0.999469 0.630789
0.473999 -0.879946 0.0320503 11.7538 0.88032 0.474378 0.00509446 21.176 -0.0196869 0.0258001 0.999483 0.561018
0.474936 -0.879559 0.0286117 12.1866 0.87999 0.474987 -0.00534346 21.9755 -0.00889048 0.0277163 0.999587 0.654817
0.47456 -0.879449 0.0369742 12.6157 0.87987 0.475156 0.00898624 22.9475 -0.0254716 0.0282684 0.999286 0.540275
0.474446 -0.879606 0.0346319 13.1305 0.880228 0.474541 -0.00587386 23.6368 -0.0112678 0.0332712 0.999394 0.675887
0.473088 -0.879488 0.0518895 13.5792 0.880588 0.473895 0.00383566 24.643 -0.0279637 0.043879 0.998656 0.518368
0.472645 -0.880536 0.0355783 14.1101 0.881263 0.472416 -0.0150456 25.3679 -0.00355983 0.0384655 0.999265 0.741307
0.471084 -0.880741 0.0487571 14.5088 0.88186 0.471535 -0.00245793 26.3891 -0.020826 0.0441552 0.998819 0.571806
0.469615 -0.88243 0.0279219 15.0195 0.882881 0.469231 -0.0193213 27.0578 0.00394761 0.0337257 0.999435 0.822531
0.469983 -0.881535 0.0448581 15.4496 0.882509 0.470316 -0.00342539 28.1229 -0.018078 0.041198 0.998999 0.668603
0.468537 -0.883221 0.019823 16.0071 0.883456 0.468326 -0.0143658 28.8562 0.00340428 0.0242442 0.999711 0.946444
0.467997 -0.882796 0.0406142 16.3796 0.883643 0.468156 -0.00603402 29.9076 -0.0136872 0.0387129 0.999167 0.72362
0.465936 -0.884736 0.0120155 16.8858 0.884837 0.465874 -0.00752744 30.6233 0.00106181 0.0141398 0.99991 1.06272
0.465496 -0.884478 0.0317833 17.364 0.884975 0.465671 -0.00207699 31.6152 -0.0129637 0.0290949 0.999502 0.912542
0.465923 -0.884786 0.00821498 17.8422 0.884844 0.465918 -0.00245949 32.389 -0.00165167 0.00841578 0.999972 1.10995
0.466492 -0.883915 0.0328218 18.2894 0.884449 0.46667 -0.0024344 33.4205 -0.0131653 0.0301655 0.999466 0.810493
0.466911 -0.884303 -0.000202378 18.7319 0.884323 0.466909 -0.00248864 34.1787 0.00229482 0.000984058 1 1.23495
0.465579 -0.884612 0.0263825 19.1974 0.884969 0.465687 -0.00222451 35.1528 -0.0103184 0.0243841 0.999656 0.796287
0.465616 -0.884974 -0.00462151 19.6609 0.884973 0.465637 -0.00664514 35.9127 0.00803223 -0.000994647 0.999973 1.34341
0.464411 -0.885256 0.025354 20.1615 0.885597 0.464488 -0.00307463 36.9296 -0.00905504 0.0238821 0.999679 0.863015
0.464581 -0.885506 -0.00653058 20.5835 0.885501 0.464621 -0.00753527 37.623 0.00970621 -0.00228074 0.999955 1.48857
0.463279 -0.885903 0.0234067 21.0265 0.886216 0.463286 -0.00549938 38.7144 -0.00597239 0.0232921 0.999714 0.904045
0.463156 -0.886272 -0.00325929 21.4862 0.886213 0.46316 -0.0123258 39.4719 0.0124329 0.00282178 0.999921 1.43658
0.461833 -0.88671 0.021426 21.9378 0.886975 0.461834 -0.00527842 40.4722 -0.00521513 0.0214431 0.999758 0.771996
0.462773 -0.886469 0.00430463 22.3958 0.886453 0.462695 -0.0125322 41.2585 0.009117 0.00961683 0.999913 1.25869
0.461246 -0.886792 0.029256 22.8214 0.887256 0.461288 -0.00581774 42.1426 -0.00833653 0.028642 0.999554 0.78337
0.462071 -0.886711 0.0154626 23.3322 0.886863 0.462047 -0.00550457 43.0158 -0.00226388 0.0162582 0.999863 1.0572
0.461911 -0.88668 0.0210441 23.7939 0.886945 0.461849 -0.00819236 43.8455 -0.0024556 0.0224505 0.999741 1.00348
0.460999 -0.887065 0.024558 24.1738 0.887406 0.460987 -0.00670284 44.7556 -0.00537536 0.0248843 0.999671 0.92994
0.461119 -0.886992 0.0249543 24.6736 0.887351 0.461067 -0.00835419 45.5713 -0.00409589 0.0259969 0.999647 0.956824
0.459245 -0.887786 0.0306675 25.0925 0.888278 0.459327 -0.00492245 46.4671 -0.00971651 0.0295032 0.99951 0.927438
0.460632 -0.887044 0.0313241 25.5777 0.887552 0.460732 -0.00457488 47.2358 -0.0103741 0.0299106 0.99949 0.978809
0.457416 -0.888447 0.0379828 25.9589 0.889115 0.457729 -0.000709414 48.2481 -0.0167555 0.0340971 0.999268 0.863557
0.459882 -0.887542 0.0281029 26.4319 0.887974 0.459886 -0.0069545 48.8661 -0.00675214 0.0281548 0.999569 1.03156
0.455681 -0.889578 0.0319053 26.8467 0.890123 0.455711 -0.00698675 49.8791 -0.00832471 0.0315852 0.999453 0.934917
0.457733 -0.888838 0.021477 27.2453 0.889099 0.45749 -0.0157113 50.4765 0.00413832 0.0262889 0.999631 1.11381
0.455529 -0.889867 0.0253964 27.6275 0.890226 0.455498 -0.00765251 51.4448 -0.00475883 0.0260968 0.999631 0.946696
0.455974 -0.889825 0.0177976 28.0876 0.889993 0.455757 -0.0153706 52.1172 0.0055647 0.0228509 0.999705 1.19923
0.453697 -0.89081 0.0252112 28.4629 0.891151 0.453713 -0.00579859 53.0461 -0.00627367 0.0251003 0.999645 0.957522
0.454203 -0.89075 0.0168266 28.8601 0.890875 0.453936 -0.017889 53.5752 0.00829521 0.0231185 0.999676 1.32441
0.453284 -0.890967 0.0270673 29.3123 0.891381 0.453087 -0.0136661 54.6002 -8.86083e-05 0.0303244 0.999517 1.10819
0.451765 -0.891968 0.0180244 29.5817 0.892125 0.451515 -0.0167444 55.0407 0.00679601 0.0236476 0.999672 1.34145
0.449322 -0.893211 0.0175422 30.0647 0.893377 0.449172 -0.0124117 56.0512 0.00320583 0.0212519 0.999742 1.29914
0.448806 -0.893417 0.0200904 30.2944 0.893624 0.448553 -0.0163362 56.4673 0.00558229 0.0252882 0.999636 1.35813
0.448276 -0.893761 0.0163033 30.783 0.893906 0.448242 -0.00645228 57.4807 -0.00154177 0.0174697 0.999816 1.29805
0.446694 -0.89439 0.0236371 30.9179 0.894698 0.446545 -0.0119063 57.8494 9.29912e-05 0.0264698 0.999618 1.38154
0.44467 -0.895576 0.0154921 31.4549 0.895701 0.444662 -0.0048329 58.9035 -0.00256119 0.0160294 0.999835 1.39421
0.443583 -0.895929 0.0239716 31.5262 0.896242 0.443443 -0.0115838 59.1402 -0.00025259 0.0266262 0.99961 1.40703
0.442335 -0.8968 0.0110218 32.1541 0.896832 0.442206 -0.0130253 60.3483 0.00680593 0.0156506 0.999818 1.4414
0.44159 -0.8972 0.00786638 32.1903 0.897149 0.441434 -0.0167986 60.4919 0.0115976 0.0144799 0.99979 1.49731
0.440833 -0.897596 0.00447717 32.8336 0.897512 0.44073 -0.015835 61.8324 0.0122386 0.0110037 0.999824 1.52157
0.441017 -0.897513 0.00290302 32.866 0.897438 0.440954 -0.01356 61.8753 0.0108886 0.00859047 0.999862 1.53386
0.440021 -0.898003 0.00249001 33.4452 0.897944 0.439979 -0.011508 63.0787 0.00923725 0.0073048 0.999888 1.5301
0.438818 -0.898547 0.00931019 33.4182 0.898528 0.438669 -0.0152559 63.0676 0.00962269 0.0150647 0.999796 1.53128
0.438407 -0.898726 0.0112626 34.0089 0.898641 0.438095 -0.0230611 64.3111 0.0157897 0.0202356 0.999626 1.50591
0.439395 -0.89824 0.0115418 34.0743 0.898104 0.439009 -0.0263339 64.3823 0.0185853 0.0219411 0.999541 1.54972
0.441314 -0.897294 0.012008 34.6027 0.897128 0.440871 -0.0283898 65.4974 0.0201779 0.0233059 0.999479 1.58352
0.446109 -0.89496 0.00853651 34.5623 0.894815 0.445831 -0.0235368 65.3992 0.0172568 0.0181434 0.99964 1.60547
0.449595 -0.893182 0.0115224 35.0883 0.893109 0.449286 -0.0225942 66.5122 0.0150021 0.0204536 0.999631 1.61668
0.455404 -0.890167 0.0159127 35.1547 0.890215 0.455075 -0.0209028 66.5471 0.011364 0.0236895 0.999608 1.60789
0.460301 -0.887511 0.0222219 35.7038 0.887718 0.459885 -0.0217822 67.6795 0.00911104 0.0297572 0.999469 1.60122
0.470693 -0.882118 0.0191269 35.5332 0.882272 0.470406 -0.0180561 67.3221 0.00692888 0.0253786 0.999607 1.61322
0.482802 -0.875592 0.0170819 36.1372 0.875707 0.48256 -0.0168888 68.4968 0.00654332 0.0231176 0.999665 1.64496
0.500042 -0.865947 0.012132 36.1733 0.865989 0.499911 -0.0128222 68.4918 0.00503704 0.0169233 0.999798 1.66174
0.516236 -0.856369 0.0136552 36.7351 0.856439 0.51609 -0.0133155 69.577 0.00435417 0.0185742 0.999772 1.67046
0.541208 -0.840749 0.0170398 36.5793 0.84089 0.541052 -0.0133893 69.1589 0.00203613 0.0215802 0.99972 1.68566
0.563684 -0.825762 0.0208257 37.1381 0.825996 0.563513 -0.0140734 70.1895 -0.000115776 0.0251398 0.99964 1.6932
0.592283 -0.80545 0.0225585 37.2216 0.805729 0.592165 -0.0124249 70.1509 -0.00335228 0.02554 0.999626 1.67524
0.61962 -0.784569 0.0240901 37.7781 0.784893 0.619506 -0.0129085 71.1058 -0.00479802 0.0269113 0.999586 1.69103
0.655241 -0.755048 0.0248763 37.6391 0.755381 0.655208 -0.0106219 70.7194 -0.00828082 0.0257559 0.999595 1.68361
0.689677 -0.723758 0.0240351 37.9861 0.72408 0.689621 -0.0118601 71.5786 -0.00799327 0.0255878 0.999603 1.70594
0.726008 -0.687349 0.0228104 38.2348 0.68763 0.725992 -0.0104443 71.5296 -0.00938353 0.0232727 0.99965 1.72904
0.761433 -0.647935 0.0213504 38.6902 0.648203 0.76137 -0.0125714 72.3159 -0.00811276 0.0234166 0.99966 1.73541
0.798945 -0.601105 0.0203835 38.7781 0.601347 0.798904 -0.0119058 71.9458 -0.00913077 0.0217745 0.99969 1.73698
0.832764 -0.553308 0.0202684 39.4018 0.553566 0.832697 -0.0136768 72.909 -0.00931316 0.0226141 0.999673 1.73448
0.866539 -0.498776 0.0197175 39.4738 0.499017 0.866499 -0.0128925 72.5245 -0.0106583 0.0210158 0.999697 1.71478
0.896834 -0.441991 0.019699 40.2119 0.442259 0.89676 -0.0152066 73.5144 -0.0109479 0.0223541 0.999667 1.70211
0.922359 -0.385886 0.020005 40.1915 0.386174 0.922288 -0.0159647 72.7451 -0.0122939 0.0224546 0.999652 1.72173
0.946108 -0.323327 0.0198169 40.8821 0.323607 0.946065 -0.0154037 73.559 -0.013772 0.0209903 0.999668 1.75879
0.965045 -0.261181 0.0229271 41.0701 0.261486 0.965115 -0.0132547 73.0813 -0.0186698 0.0187903 0.999636 1.75611
0.97938 -0.200706 0.024151 41.7457 0.201055 0.97947 -0.0145564 73.9007 -0.0207382 0.0191154 0.999592 1.74291
0.989691 -0.141156 0.0252292 41.7613 0.141559 0.989792 -0.016383 73.0103 -0.0226638 0.0197888 0.99954 1.69773
0.996315 -0.0825963 0.0241811 42.4935 0.083053 0.996342 -0.0199738 73.7306 -0.0224477 0.0219115 0.999505 1.7075
0.999414 -0.0239922 0.0253967 42.6018 0.0244757 0.999494 -0.0201798 73.191 -0.0249046 0.0207924 0.999474 1.72453
0.999285 0.0302836 0.0237006 43.2421 -0.0298936 0.99939 -0.0179283 73.6532 -0.024234 0.0172097 0.999563 1.7363
0.996428 0.0813582 0.0236908 43.3783 -0.081052 0.996597 -0.0148456 72.9508 -0.0248231 0.0128749 0.999617 1.70014
0.991637 0.127529 0.0210034 44.0354 -0.127148 0.991682 -0.0198589 73.6508 -0.0233664 0.0170247 0.999594 1.67587
0.984752 0.172651 0.022454 44.0205 -0.171926 0.984585 -0.0320617 72.6311 -0.0276485 0.0277146 0.999249 1.58993
0.978195 0.206358 0.0244889 44.7623 -0.205347 0.977895 -0.0393284 73.1045 -0.0320685 0.0334442 0.998945 1.61718
0.968466 0.247871 0.0260891 44.6217 -0.246871 0.968329 -0.0372131 72.5179 -0.0344922 0.029601 0.998989 1.68956
0.96265 0.26985 0.0230533 45.6813 -0.269213 0.962658 -0.0283513 72.7687 -0.0298483 0.021088 0.999358 1.72892
0.950101 0.311325 0.0207008 45.3444 -0.31096 0.950203 -0.0201718 72.5864 -0.0259552 0.0127298 0.999611 1.69474
0.946479 0.322469 0.0152246 46.5361 -0.322192 0.946465 -0.0196175 72.7253 -0.0207407 0.0136641 0.999724 1.66521
0.935294 0.353658 0.0137447 46.2178 -0.353354 0.935225 -0.0219416 72.3099 -0.0206194 0.015667 0.9997 1.60829
0.93231 0.361676 0.0046941 47.472 -0.361466 0.931998 -0.0265813 72.3199 -0.0139937 0.0230875 0.999675 1.60179
0.919108 0.394037 0.00232662 46.8962 -0.393885 0.918797 -0.0255216 72.1395 -0.0121992 0.022543 0.999714 1.64444
0.913581 0.40668 -0.00264078 48.193 -0.406653 0.91326 -0.02391 72.2357 -0.00731684 0.0229199 0.999757 1.65522
0.907324 0.420448 0.00325333 48.0349 -0.420301 0.907082 -0.0230519 71.8926 -0.0126483 0.0195505 0.999779 1.64173
0.902148 0.431422 0.00471698 49.2813 -0.431245 0.901929 -0.0230622 71.9215 -0.0142092 0.0187738 0.999776 1.62077
0.894233 0.447515 0.0096197 48.7656 -0.447234 0.894088 -0.0238113 71.398 -0.0192624 0.016993 0.999727 1.61851
0.89073 0.454529 0.00362045 50.2443 -0.454225 0.890293 -0.0321653 71.3435 -0.0178489 0.0270093 0.999536 1.61371
0.88574 0.464132 0.00719569 49.8381 -0.463797 0.885454 -0.0289172 71.1099 -0.0197986 0.0222788 0.999619 1.59352
0.882082 0.471072 0.00462972 51.2468 -0.470775 0.881726 -0.0300129 70.8654 -0.018226 0.0242977 0.999605 1.59751
0.880381 0.474242 0.00422689 50.8534 -0.4739 0.879944 -0.0329053 70.6914 -0.0193302 0.0269699 0.999519 1.61991
0.875877 0.482519 -0.00162118 52.2235 -0.482226 0.875117 -0.0398688 70.2267 -0.0178243 0.0357067 0.999276 1.60766
0.875136 0.483857 -0.000659295 52.0487 -0.483572 0.874471 -0.0376202 70.0932 -0.0176318 0.0332462 0.999367 1.59543
0.870809 0.49159 -0.0025213 53.2835 -0.491332 0.870052 -0.0394234 69.6429 -0.0171919 0.0355741 0.999299 1.57405
0.871399 0.490544 0.000544725 53.1865 -0.490245 0.870808 -0.0360481 69.4407 -0.0181631 0.0311498 0.999433 1.54046
0.867077 0.498121 -0.0040365 54.3923 -0.497845 0.866143 -0.0434407 69.0384 -0.0181481 0.0396818 0.999134 1.54043
0.867603 0.497197 -0.00413588 54.4966 -0.496908 0.866622 -0.0445569 68.791 -0.018575 0.0407189 0.999088 1.54677
0.864913 0.501818 -0.00734949 55.558 -0.501561 0.86363 -0.0501056 68.3826 -0.0188024 0.0470303 0.998811 1.54629
0.868109 0.496277 -0.00615992 55.8089 -0.496012 0.866936 -0.0481483 68.0045 -0.0185604 0.0448602 0.998919 1.53183
0.866997 0.498216 -0.00566842 56.8153 -0.497956 0.865897 -0.0466982 67.6707 -0.0183633 0.0433165 0.998994 1.5089
0.87205 0.489264 -0.00879435 56.9713 -0.489047 0.870584 -0.0532084 67.2547 -0.0183826 0.0507093 0.99865 1.50309
0.870675 0.491648 -0.011365 58.0531 -0.491458 0.868849 -0.0589781 66.9625 -0.019128 0.0569454 0.998303 1.49233
0.875311 0.483398 -0.00841683 58.4465 -0.48312 0.873698 -0.0561143 66.467 -0.019778 0.0531924 0.998501 1.47264
0.873775 0.486162 -0.00838216 59.5323 -0.485811 0.871987 -0.0593356 66.2546 -0.0215442 0.0559274 0.998319 1.45733
0.879237 0.476255 -0.00463147 59.9062 -0.475832 0.877786 -0.0544367 65.6883 -0.0218671 0.0500745 0.998626 1.43713
0.876733 0.480779 -0.00904681 61.0289 -0.480341 0.874556 -0.0656293 65.6067 -0.0236485 0.0618958 0.997926 1.42365
0.883245 0.468778 -0.00317398 61.367 -0.468275 0.881772 -0.0554381 64.8741 -0.0231967 0.0504598 0.998584 1.40501
0.881117 0.472685 -0.00881748 62.431 -0.472348 0.879191 -0.0615009 64.8382 -0.0213251 0.0583647 0.998199 1.43854
0.884653 0.466059 -0.00681056 62.8897 -0.465906 0.883522 -0.0467573 64.2422 -0.0157798 0.0445438 0.999018 1.40226
0.879988 0.474731 -0.0105236 63.9067 -0.474718 0.878741 -0.0481273 64.0892 -0.0136049 0.0473549 0.998924 1.39216
0.884668 0.465995 -0.00799427 64.3412 -0.465956 0.883705 -0.0424787 63.4554 -0.012735 0.0413106 0.999208 1.37934
0.879128 0.476311 -0.0103094 65.4371 -0.476273 0.877835 -0.0491667 63.3716 -0.0143739 0.0481422 0.998884 1.36726
0.884876 0.465615 -0.00594007 65.8174 -0.465441 0.883793 -0.0460116 62.659 -0.0161798 0.0434861 0.999075 1.37212
0.878902 0.476728 -0.00958011 66.9601 -0.476559 0.877317 -0.0551652 62.6675 -0.0179005 0.0530603 0.998587 1.3956
0.885729 0.464012 0.000293977 67.4012 -0.46373 0.885043 -0.0385207 61.9121 -0.0181409 0.0339863 0.999418 1.36544
0.878835 0.476863 -0.00806471 68.4303 -0.476666 0.877414 -0.0525207 61.9701 -0.0179756 0.0500106 0.998753 1.41167
0.884531 0.466273 0.00128253 68.8717 -0.466043 0.884012 -0.0338149 61.1571 -0.016907 0.0293146 0.999598 1.3478
0.877493 0.479345 -0.00579389 69.841 -0.479151 0.876403 -0.0462896 61.3075 -0.0171171 0.0434024 0.999086 1.39088
0.881099 0.472702 0.00266849 70.4274 -0.472456 0.880646 -0.0324445 60.4889 -0.0176931 0.0273274 0.99965 1.35544
0.871984 0.489312 0.000176789 71.3269 -0.488951 0.871184 -0.0419966 60.5877 -0.020711 0.0365391 0.999302 1.37766
0.875394 0.483162 0.00365387 71.874 -0.482795 0.874834 -0.0369785 59.6797 -0.0210709 0.0306097 0.999499 1.32669
0.86413 0.503021 0.0037274 72.7881 -0.502512 0.863401 -0.0424963 59.8123 -0.0246038 0.0348542 0.999284 1.36396
0.865689 0.500334 0.00213983 73.3326 -0.499916 0.864971 -0.0410908 58.9635 -0.0224181 0.0345071 0.999353 1.32199
0.853132 0.521454 -0.000328304 74.2623 -0.520983 0.852168 -0.0464552 58.9944 -0.023953 0.039811 0.999125 1.35685
0.853655 0.520588 0.000440036 74.7496 -0.520156 0.852819 -0.043621 58.2614 -0.023092 0.0370148 0.999257 1.31004
0.840652 0.541326 -0.000389367 75.7327 -0.540779 0.83961 -0.0487064 58.2623 -0.0260485 0.0411643 0.999027 1.35764
0.839736 0.542733 0.00233654 76.1549 -0.542166 0.838898 -0.045383 57.4951 -0.0266006 0.0368497 0.999187 1.32297
0.827112 0.56178 0.000840715 77.0696 -0.561146 0.826105 -0.0491254 57.3929 -0.0283023 0.040169 0.999017 1.36138
0.825279 0.564461 -4.36808e-05 77.5604 -0.563898 0.824308 -0.0477197 56.6899 -0.0269093 0.039415 0.999091 1.31128
0.814423 0.580002 -0.00231592 78.3498 -0.579423 0.81327 -0.0509383 56.55 -0.0276704 0.0428376 0.998935 1.31524
0.812705 0.582403 0.000380199 78.884 -0.581872 0.811859 -0.0451501 55.8341 -0.0266132 0.0364796 0.999222 1.26354
0.802893 0.595847 -0.00162168 79.5636 -0.595299 0.801895 -0.0480194 55.6612 -0.0273209 0.0395288 0.999093 1.2753
0.801312 0.597964 -0.00157756 80.118 -0.597469 0.800402 -0.0458666 54.9889 -0.0261723 0.037704 0.9992 1.25174
0.791196 0.611263 -0.00461388 80.7533 -0.61072 0.789984 -0.0515173 54.8323 -0.0278548 0.0435897 0.99892 1.26665
0.790484 0.612191 -0.00116877 81.2434 -0.61163 0.789553 -0.0470569 54.0551 -0.0278941 0.037921 0.999156 1.22935
0.778879 0.626878 -0.00227891 81.9921 -0.62623 0.777777 -0.0508991 53.9488 -0.0301452 0.041082 0.998971 1.23875
0.782733 0.622056 0.000278306 82.3791 -0.621286 0.781676 -0.0516686 53.1235 -0.0323699 0.04028 0.99894 1.2007
0.772266 0.634997 -0.000374313 83.1375 -0.634042 0.770963 -0.057291 53.0404 -0.0361047 0.0444943 0.998639 1.23125
0.777595 0.628452 -0.000237334 83.5628 -0.627524 0.776318 -0.0566589 52.2602 -0.0354364 0.0442195 0.998682 1.1872
0.769554 0.638264 -0.000936048 84.1978 -0.637219 0.768101 -0.0602615 52.2075 -0.0377583 0.0469859 0.998476 1.19662
0.776764 0.629463 6.57655e-05 84.5911 -0.628491 0.775464 -0.0574871 51.3932 -0.0362506 0.0446258 0.998647 1.11238
0.772572 0.634588 -0.00246616 85.1642 -0.63357 0.770988 -0.0617011 51.273 -0.0372676 0.0492476 0.998398 1.11726
0.779836 0.625612 -0.00542845 85.5856 -0.624718 0.778069 -0.0629952 50.4795 -0.0351997 0.052536 0.998312 1.09583
0.781496 0.623542 -0.00338782 86.0397 -0.622686 0.779995 -0.0591097 50.3961 -0.0342272 0.0483193 0.998565 1.12833
0.786433 0.617291 -0.0034901 86.6442 -0.616519 0.785019 -0.0571194 49.8442 -0.0325306 0.0470871 0.998687 1.1112
0.793971 0.607562 -0.00185122 86.9321 -0.606788 0.792683 -0.0553753 49.7319 -0.0321876 0.045103 0.998797 1.11114
0.800469 0.598952 -0.00429382 87.6935 -0.598313 0.799112 -0.0551097 49.1582 -0.0295861 0.0466972 0.998811 1.08844
0.811536 0.583854 -0.00482086 87.8667 -0.583283 0.810183 -0.0544949 48.9958 -0.0279197 0.0470512 0.99885 1.07281
0.822707 0.567962 -0.00758651 88.7306 -0.5676 0.821369 -0.0525425 48.4994 -0.0236161 0.0475482 0.998944 1.05601
0.838192 0.54486 -0.00578963 88.6867 -0.544558 0.837104 -0.047762 48.4144 -0.0211811 0.0431976 0.999204 1.08862
0.850745 0.524956 -0.0106408 89.7449 -0.524889 0.849539 -0.0483082 47.9115 -0.0163204 0.0466971 0.999145 1.11484
0.868385 0.495236 -0.00969929 89.7797 -0.495196 0.867281 -0.0464093 47.7992 -0.0145716 0.0451163 0.999251 1.09911
0.885996 0.462941 -0.0112494 90.9677 -0.462985 0.884756 -0.0489265 47.3373 -0.0126967 0.048572 0.999122 1.08676
0.903618 0.42764 -0.00369825 90.6891 -0.427368 0.90247 -0.049361 47.4424 -0.0177768 0.0461966 0.999165 1.0812
0.924078 0.381393 -0.00432087 92.0206 -0.381206 0.922898 -0.0496205 46.983 -0.0149418 0.0475139 0.999157 1.06219
0.940364 0.33926 0.00188668 91.9717 -0.338834 0.939275 -0.0496517 46.9176 -0.0186266 0.0460633 0.99917 1.07894
0.958171 0.285079 0.00263986 93.246 -0.284679 0.957065 -0.0498538 46.7476 -0.0167487 0.0470298 0.999166 1.0832
0.970978 0.237712 0.0068588 92.9415 -0.237221 0.970056 -0.0469758 46.7347 -0.0178329 0.0439951 0.999293 1.07434
0.985053 0.170306 0.00198253 94.1904 -0.170077 0.983917 -0.049588 46.8937 -0.0104034 0.0485239 0.999196 1.11218
0.993685 0.109125 -0.00210926 94.2955 -0.109162 0.992398 -0.0519218 46.6696 -0.00357568 0.051842 0.999085 1.14495
0.998942 0.0371093 -0.00678789 95.3663 -0.0374896 0.997622 -0.0528979 46.9073 0.00481182 0.0531159 0.999021 1.1751
0.99927 -0.0261118 -0.00842896 95.227 0.0255802 0.998098 -0.0508758 46.673 0.0097471 0.0506403 0.999121 1.16292
0.994359 -0.101543 -0.0148084 96.4198 0.100619 0.993369 -0.0502314 47.1499 0.0198244 0.0484736 0.999087 1.16695
0.985091 -0.168927 -0.0180544 96.329 0.167796 0.984267 -0.0497916 46.907 0.0261993 0.0460335 0.999064 1.14272
0.970474 -0.238799 -0.0201823 97.4661 0.237404 0.96964 -0.0533072 47.5401 0.0323208 0.0469578 0.99885 1.18267
0.953048 -0.301235 -0.014046 97.1901 0.300096 0.952152 -0.0523409 47.1544 0.0291556 0.045684 0.999014 1.20056
0.930343 -0.365534 -0.00864448 98.2067 0.364522 0.929277 -0.0542683 47.9589 0.0278801 0.0473564 0.998981 1.25449
0.902724 -0.429304 -0.0021385 98.222 0.42861 0.901713 -0.0507119 47.6897 0.023701 0.0448804 0.999212 1.27646
0.875172 -0.482987 0.00172435 99.0458 0.482461 0.874226 -0.0480739 48.5119 0.0217083 0.0429224 0.999352 1.32107
0.84363 -0.536131 0.00671589 99.1472 0.535873 0.842861 -0.0419689 48.3157 0.0168283 0.0390199 0.999614 1.27816
0.818186 -0.574194 0.00733144 99.6556 0.573974 0.817529 -0.0389951 49.0918 0.0163826 0.0361262 0.999738 1.31964
0.791966 -0.609874 0.00342179 99.9669 0.609621 0.791604 -0.0321037 49.0745 0.0168547 0.0275146 1.00001 1.32896
0.769517 -0.637964 0.00105034 100.443 0.637663 0.769246 -0.0306097 49.8118 0.018705 0.0242254 1.00007 1.38795
0.746479 -0.664759 -0.00294173 100.542 0.664379 0.746322 -0.0296585 49.6719 0.0218992 0.0201823 1.00011 1.33516
0.732066 -0.680595 -0.00075813 100.982 0.680156 0.731769 -0.0340908 50.3973 0.0237462 0.0244453 0.999975 1.36191
0.720552 -0.692762 0.00207123 101.301 0.692362 0.720167 -0.0352011 50.4256 0.0228817 0.0268069 0.999942 1.38869
0.713538 -0.699979 -0.000502019 101.707 0.699513 0.713226 -0.0349277 51.2167 0.0247959 0.0245773 0.99996 1.41637
0.703365 -0.710186 -0.00296724 101.958 0.709795 0.703239 -0.0293228 51.1074 0.022897 0.018517 1.00014 1.42659
0.702673 -0.710836 -0.00683307 102.36 0.710473 0.702698 -0.0253661 51.9601 0.0228178 0.0129603 1.00024 1.45939
0.698585 -0.714616 -0.0193514 102.697 0.714222 0.698961 -0.0229145 52.0682 0.0298959 0.00216228 1.00014 1.43836
0.701325 -0.711996 -0.0162188 103.032 0.711504 0.701589 -0.0265571 52.8338 0.0302826 0.00706867 1.00011 1.52094
0.698866 -0.714309 -0.0198857 103.447 0.713786 0.699247 -0.0268108 52.8152 0.0330549 0.00452302 1.00004 1.47347
0.705894 -0.707359 -0.0197989 103.914 0.70644 0.706175 -0.0374302 53.721 0.0404678 0.0124269 0.999706 1.51521
0.705935 -0.707246 -0.0219808 104.258 0.706157 0.706266 -0.0407421 53.7507 0.0443541 0.0132328 0.999535 1.53378
0.713425 -0.699571 -0.0252774 104.76 0.698456 0.7139 -0.0402722 54.7011 0.0462365 0.0110659 0.999481 1.57026
0.71356 -0.699205 -0.0307601 105.006 0.698538 0.714336 -0.0295121 54.5639 0.0426195 -0.000456238 0.999707 1.53396
0.720066 -0.692792 -0.0231502 105.45 0.692251 0.720545 -0.0263163 55.3501 0.0349114 0.00290105 1.00001 1.62121
0.719838 -0.693094 -0.020875 106.009 0.692711 0.720252 -0.0215496 55.5567 0.0299616 0.00102671 1.00017 1.60658
0.726068 -0.686678 -0.0164374 106.431 0.686318 0.726355 -0.0209283 56.3153 0.0262947 0.00389339 1.00027 1.62834
0.723562 -0.689352 -0.0146018 107.025 0.688971 0.723796 -0.0220647 56.4035 0.0257619 0.00588809 1.00028 1.62425
0.727692 -0.685039 -0.0117082 107.409 0.68449 0.727777 -0.0291774 57.144 0.0284955 0.0132133 1.00014 1.69368
0.721754 -0.691184 -0.0166628 108.03 0.690481 0.721963 -0.0320707 57.2611 0.0341923 0.0116353 0.999981 1.67748
0.727617 -0.684987 -0.0172424 108.37 0.683923 0.727701 -0.0413626 58.1966 0.0408866 0.0183082 0.999633 1.75686
0.720018 -0.692729 -0.0249616 109.032 0.691615 0.720469 -0.0398729 58.2432 0.0456186 0.0114394 0.999533 1.78416
0.726618 -0.685952 -0.0201923 109.335 0.68489 0.726846 -0.0400378 59.3043 0.042148 0.015263 0.999636 1.8786
0.717407 -0.695613 -0.0187139 110.049 0.694909 0.717698 -0.0313326 59.2993 0.0352208 0.00946543 0.999978 1.88563
0.724392 -0.688529 -0.00863215 110.366 0.687936 0.724348 -0.0319281 60.4387 0.0282182 0.0171947 1.0001 1.94324
0.716054 -0.697068 -0.0155799 111.081 0.696602 0.716302 -0.0244866 60.3657 0.0282101 0.00666829 1.00022 1.895
0.724304 -0.688457 -0.0167248 111.437 0.687871 0.724552 -0.0280462 61.6805 0.0314133 0.0088003 1.00011 1.99548
0.712406 -0.700496 -0.0253594 112.21 0.699816 0.71296 -0.0293579 61.4949 0.0386437 0.00315025 0.999893 1.97211
0.72031 -0.692509 -0.0208681 112.516 0.691431 0.720578 -0.0399082 62.8769 0.0426791 0.0143191 0.999632 2.06733
0.707048 -0.705979 -0.022728 113.342 0.704977 0.707443 -0.0376928 62.8172 0.0426934 0.0106248 0.999677 2.05724
0.715827 -0.697254 -0.0160693 113.595 0.696241 0.715901 -0.0401183 64.0871 0.0394749 0.0175384 0.999713 2.14264
0.705727 -0.707434 -0.0175429 114.393 0.706595 0.705947 -0.0349659 64.0941 0.0371135 0.0122813 0.999882 2.12618
0.712398 -0.700786 -0.0141782 114.784 0.700001 0.712494 -0.0345987 65.0911 0.0343359 0.014728 0.999949 2.1584
0.708782 -0.704436 -0.0141927 115.511 0.70366 0.708887 -0.0342574 65.5129 0.03418 0.0142989 0.99996 2.18135
0.712534 -0.700717 -0.00920266 115.883 0.699949 0.712431 -0.0364896 66.2785 0.0321076 0.0195732 0.99994 2.23125
0.709445 -0.703762 -0.0137286 116.619 0.703007 0.709542 -0.0336671 66.735 0.0334189 0.014239 0.999986 2.29047
0.713908 -0.699142 -0.0175752 117.025 0.698395 0.714154 -0.0318785 67.5193 0.0348253 0.0104821 0.999985 2.3532
0.711145 -0.701699 -0.025573 117.771 0.701061 0.711709 -0.0274935 67.981 0.0374835 0.0016059 0.999942 2.37506
0.716643 -0.696085 -0.0253259 118.215 0.695465 0.717195 -0.0268047 68.7705 0.036811 0.00157808 0.999967 2.41166
0.714961 -0.69771 -0.0278023 118.93 0.69728 0.715597 -0.0215726 69.2005 0.0349315 -0.00399047 1.00003 2.45181
0.720317 -0.692159 -0.0280918 119.455 0.691735 0.720959 -0.0211706 69.9888 0.0348908 -0.00421135 1.00003 2.47695
0.718994 -0.693498 -0.0287709 120.129 0.692965 0.719672 -0.024157 70.4408 0.0374471 -0.00259364 0.999939 2.51122
0.723942 -0.688565 -0.0222775 120.68 0.68782 0.724364 -0.0299526 71.25 0.0367482 0.006353 0.999947 2.57588
0.720603 -0.692101 -0.0206807 121.441 0.691215 0.720935 -0.0340133 71.6715 0.0384395 0.0102156 0.999851 2.58123
0.725954 -0.686586 -0.0167231 121.915 0.685672 0.726108 -0.0358819 72.5881 0.0367645 0.0145907 0.999858 2.67624
0.72374 -0.688893 -0.0174799 122.719 0.688062 0.72396 -0.0332186 72.9251 0.0355215 0.0120187 0.999937 2.70394
0.729686 -0.682685 -0.0129617 123.145 0.682022 0.729798 -0.0296037 73.8417 0.02964 0.0127667 1.00012 2.71829
0.726416 -0.686164 -0.0125394 123.9 0.685674 0.726586 -0.0233603 74.2459 0.0251007 0.00836901 1.00028 2.7305
0.732251 -0.679843 -0.0164741 124.305 0.679203 0.732493 -0.0273156 75.1146 0.0306089 0.00881078 1.00012 2.75139
0.728297 -0.683842 -0.0241907 125.14 0.682725 0.728724 -0.0379877 75.3931 0.0436028 0.0111546 0.999615 2.76372
0.734226 -0.67739 -0.0262074 125.455 0.67576 0.734596 -0.0479471 76.3108 0.0517436 0.0175104 0.999133 2.85779
0.727105 -0.685224 -0.0202186 126.35 0.684021 0.727323 -0.0410509 76.581 0.0428284 0.0160331 0.999577 2.98436
0.735253 -0.676713 -0.00872929 126.659 0.676059 0.735228 -0.0306632 77.6469 0.0271298 0.0166591 1.00011 3.01484
0.727223 -0.685368 0.00470828 127.537 0.68508 0.727037 -0.0250082 77.8313 0.01365 0.0214388 1.00029 2.96178
0.735536 -0.676427 0.00549507 127.843 0.67613 0.735294 -0.0268509 78.875 0.0140558 0.0234956 1.00023 2.95565
0.7256 -0.687031 -0.00893123 128.753 0.686267 0.725534 -0.033988 79.0309 0.0297958 0.0185548 0.999987 2.9494
0.732021 -0.679959 -0.0195011 129.012 0.679027 0.732302 -0.0340837 79.9137 0.0374365 0.0117161 0.999828 3.04977
0.725396 -0.687071 -0.0175138 129.856 0.686086 0.725585 -0.0361266 80.2528 0.0375092 0.0142044 0.999787 3.13894
0.727503 -0.684859 -0.0164718 130.305 0.683857 0.72764 -0.036875 81.0209 0.0372185 0.0155798 0.999771 3.18899
0.722941 -0.689495 -0.0225751 130.92 0.688543 0.72336 -0.0336013 81.5154 0.0394806 0.00875224 0.999762 3.21478
0.721801 -0.690655 -0.0234114 131.484 0.689749 0.722266 -0.0321994 82.1867 0.0391295 0.00709522 0.999783 3.24537
0.719063 -0.693271 -0.029427 132.062 0.69249 0.719786 -0.0285034 82.7655 0.0409265 0.000105728 0.99973 3.29232
0.717842 -0.694523 -0.0295848 132.665 0.693788 0.718573 -0.0273172 83.2812 0.040214 -0.000929847 0.999753 3.33901
0.716034 -0.696453 -0.0278459 133.236 0.695731 0.716698 -0.0269111 83.9118 0.0386785 -0.000115409 0.999808 3.38159
0.716584 -0.695978 -0.0253399 133.893 0.695367 0.717154 -0.0237686 84.494 0.0346852 -0.000600374 0.999948 3.39377
0.714069 -0.698569 -0.0248989 134.451 0.697945 0.714626 -0.0241054 84.9853 0.0346022 -0.000175631 0.999946 3.41024
0.713714 -0.698917 -0.0251724 135.019 0.698059 0.71427 -0.0303162 85.7042 0.0391469 0.0040641 0.999765 3.47129
0.708444 -0.70435 -0.0223246 135.593 0.703287 0.708854 -0.0358942 86.1488 0.0410889 0.0097404 0.999642 3.53478
0.706112 -0.706597 -0.0248741 136.176 0.705538 0.706639 -0.0352296 86.8363 0.0424544 0.00733408 0.9996 3.59948
0.699686 -0.713132 -0.0191558 136.731 0.712205 0.700013 -0.0331384 87.3198 0.0370135 0.00955745 0.999793 3.58861
0.697626 -0.715227 -0.0156853 137.307 0.714497 0.697881 -0.0282417 88.0495 0.0311049 0.00850741 0.999998 3.62903
0.693446 -0.719314 -0.0137924 137.849 0.718828 0.693705 -0.0196964 88.4951 0.0236786 0.00374746 1.00023 3.61691
0.691616 -0.721085 -0.0128839 138.45 0.720647 0.691862 -0.0176298 89.2792 0.0215642 0.0029107 1.00027 3.64585
0.686597 -0.725865 -0.0125895 138.943 0.725371 0.68683 -0.0201334 89.7491 0.0232017 0.0046988 1.00022 3.6972
0.68257 -0.729477 -0.0202295 139.583 0.728757 0.682994 -0.0269097 90.5016 0.0334084 0.00363148 0.99993 3.75222
0.677315 -0.734444 -0.0166192 140.026 0.733547 0.67758 -0.0327405 90.9122 0.0352723 0.0100056 0.999816 3.8427
0.67279 -0.738345 -0.0251393 140.732 0.737477 0.673393 -0.0305809 91.7384 0.0394817 0.00203992 0.9997 3.84187
0.66573 -0.74468 -0.026081 141.152 0.744141 0.66636 -0.0217331 92.1997 0.0335242 -0.00494798 0.999901 3.91268
0.660772 -0.748813 -0.032785 141.817 0.748221 0.661672 -0.0244519 93.0219 0.0399768 -0.00838802 0.999635 3.88308
0.653906 -0.754659 -0.0361201 142.221 0.754139 0.654938 -0.0236571 93.5004 0.0414864 -0.0117908 0.999533 3.97651
0.64683 -0.760609 -0.0385536 142.936 0.759888 0.648034 -0.0289808 94.3748 0.0470156 -0.0105676 0.999295 3.99412
0.641635 -0.765131 -0.0356421 143.351 0.764622 0.642652 -0.0235649 94.8376 0.0409108 -0.0121518 0.999539 4.07507
0.634458 -0.771039 -0.0366946 144.059 0.770576 0.635513 -0.0229401 95.7778 0.0409827 -0.0137427 0.999509 4.07584
0.629335 -0.775412 -0.0324034 144.411 0.77524 0.630086 -0.013094 96.2025 0.0305224 -0.016907 0.999829 4.15823
0.62127 -0.781716 -0.0362449 145.195 0.781543 0.622188 -0.0153894 97.2029 0.0345419 -0.0187957 0.999658 4.16458
0.61739 -0.784995 -0.0312496 145.518 0.784886 0.618059 -0.0104309 97.6604 0.0274473 -0.0181149 0.999884 4.20596
0.612696 -0.788581 -0.0331673 146.288 0.788415 0.613478 -0.0136347 98.5989 0.031052 -0.0178215 0.999778 4.23172
0.60991 -0.790457 -0.0391911 146.602 0.790419 0.610886 -0.0134534 99.0553 0.0345355 -0.0228081 0.999556 4.33504
0.606801 -0.792404 -0.0472318 147.338 0.792441 0.608168 -0.0167859 100.003 0.042002 -0.0272879 0.999152 4.35197
0.603353 -0.794912 -0.0491626 147.711 0.795002 0.604802 -0.016872 100.488 0.0431235 -0.0289529 0.999051 4.36196
0.60135 -0.796408 -0.0494132 148.416 0.796647 0.602706 -0.0135458 101.411 0.0405419 -0.031272 0.999083 4.41361
0.599417 -0.798163 -0.0442472 148.71 0.798524 0.600331 -0.00552044 101.896 0.0309201 -0.0320777 0.999395 4.44878
0.597002 -0.800099 -0.041782 149.512 0.800508 0.597696 -0.00100923 102.855 0.0257197 -0.0328999 0.99951 4.47659
0.592838 -0.803408 -0.0372591 149.744 0.803556 0.593553 -0.00583399 103.277 0.0267436 -0.0265219 0.999667 4.46789
0.587044 -0.807857 -0.0323729 150.501 0.807535 0.587867 -0.018045 104.273 0.0335649 -0.0155646 0.999685 4.50933
0.583035 -0.810637 -0.0351098 150.753 0.81021 0.584019 -0.0221449 104.595 0.038423 -0.0155499 0.999505 4.59135
0.576515 -0.814782 -0.0452563 151.394 0.814793 0.577779 -0.0166851 105.456 0.0397123 -0.027295 0.999196 4.67115
0.570411 -0.819543 -0.0355224 151.796 0.819365 0.571293 -0.0156716 106.079 0.0330919 -0.0201894 0.9996 4.70652
0.565125 -0.823061 -0.0384403 152.267 0.823038 0.566043 -0.0130378 106.794 0.0324427 -0.0243009 0.999524 4.666
0.559782 -0.827189 -0.0258565 152.749 0.826906 0.560345 -0.0138359 107.485 0.0258716 -0.0136421 0.999911 4.72214
0.555146 -0.83032 -0.0252818 153.239 0.829931 0.555738 -0.0174803 108.191 0.028508 -0.0112781 0.999862 4.71754
0.548819 -0.834819 -0.0111083 153.703 0.833988 0.549006 -0.0312725 108.915 0.0321571 0.007943 0.999776 4.86857
0.543934 -0.837902 -0.0172352 154.181 0.836632 0.544277 -0.0414248 109.59 0.0440689 0.00815858 0.999313 4.7698
0.53721 -0.842326 -0.0111844 154.631 0.841062 0.537283 -0.0428169 110.273 0.0420485 0.0136544 0.999334 4.9554
0.532521 -0.845121 -0.020426 155.12 0.844089 0.533039 -0.0355179 111.071 0.0408755 0.00170631 0.999467 4.80735
0.528469 -0.847773 -0.0148245 155.557 0.847265 0.528799 -0.0194014 111.777 0.02422 -0.00228175 1 4.98345
0.524349 -0.850173 -0.0217756 156.037 0.849676 0.524868 -0.0203 112.561 0.0286304 -0.00784413 0.999849 4.78691
0.521792 -0.851772 -0.0204651 156.41 0.851426 0.522219 -0.0139134 113.229 0.0224666 -0.0101554 0.999978 4.87936
0.519413 -0.853202 -0.0212064 156.903 0.852376 0.519963 -0.0301741 114.083 0.0367314 -0.00237544 0.999596 4.90457
0.51765 -0.853727 -0.0370523 157.271 0.853307 0.51874 -0.0240308 114.711 0.039703 -0.0191877 0.999294 5.12366
0.514358 -0.855608 -0.0393167 157.757 0.854857 0.515701 -0.0325186 115.543 0.0480845 -0.0168884 0.998959 5.09243
0.512839 -0.856942 -0.0284747 158.105 0.856211 0.513656 -0.0287977 116.132 0.0392696 -0.0095991 0.999434 5.21583
0.512357 -0.857263 -0.0272992 158.727 0.856597 0.513107 -0.0267488 117.056 0.0368979 -0.00966661 0.999516 5.1424
0.513694 -0.856491 -0.0261925 158.991 0.856071 0.514316 -0.0188986 117.636 0.0296003 -0.0127086 0.999718 5.16057
0.511991 -0.857419 -0.0288518 159.639 0.857023 0.512697 -0.0192545 118.654 0.0312475 -0.0148671 0.999631 5.15683
0.510105 -0.858476 -0.0305813 159.863 0.857879 0.510961 -0.0257623 119.113 0.0377029 -0.0130875 0.999426 5.18058
0.507093 -0.860263 -0.0302869 160.53 0.859078 0.508066 -0.0392156 120.135 0.0491106 -0.00610998 0.99899 5.27226
0.505988 -0.861147 -0.0224381 160.784 0.859638 0.506576 -0.0454811 120.623 0.0505227 0.00377058 0.998924 5.39701
0.504639 -0.861784 -0.0275243 161.423 0.860477 0.505484 -0.0413884 121.62 0.0495687 -0.00276631 0.998968 5.4522
0.504048 -0.862312 -0.0207745 161.601 0.861396 0.504573 -0.0321463 122.099 0.0381632 -0.00165721 0.999464 5.5422
0.502174 -0.863449 -0.0185623 162.323 0.862507 0.502615 -0.0327541 123.242 0.0375704 0.000478342 0.999481 5.48782
0.502091 -0.863469 -0.0195277 162.512 0.862519 0.502565 -0.0329306 123.658 0.0382089 -0.000270063 0.99945 5.51839
0.501171 -0.863881 -0.0241319 163.228 0.862739 0.501839 -0.0376213 124.806 0.044586 -0.0019295 0.999177 5.56758
0.501122 -0.863719 -0.0300104 163.399 0.862764 0.502031 -0.0341008 125.208 0.0444945 -0.00878375 0.999138 5.67279
0.500282 -0.864081 -0.0332335 164.191 0.863261 0.501307 -0.0318375 126.474 0.0441443 -0.012751 0.999104 5.71207
0.500094 -0.86432 -0.0294767 164.318 0.863641 0.500904 -0.0272864 126.781 0.0383091 -0.0117984 0.99935 5.75043
0.498735 -0.864906 -0.0346754 165.095 0.864465 0.499675 -0.0230888 128.056 0.0372533 -0.0184628 0.999283 5.76469
0.498442 -0.865113 -0.0335486 165.225 0.864632 0.499345 -0.0236149 128.355 0.0371388 -0.0172355 0.999302 5.78524
0.497619 -0.865446 -0.0368554 165.952 0.864972 0.498672 -0.0250013 129.579 0.0399797 -0.0194417 0.999145 5.85329
0.497655 -0.865291 -0.0397614 166.119 0.864696 0.498909 -0.0291653 129.939 0.0450496 -0.0198719 0.998914 5.89063
0.495357 -0.866631 -0.0391136 166.836 0.866012 0.496586 -0.0294854 131.127 0.0449519 -0.0192696 0.998923 6.0078
0.493026 -0.86798 -0.0384917 167.016 0.867646 0.494079 -0.0224648 131.49 0.038477 -0.0223307 0.999123 6.05011
0.491843 -0.868742 -0.0362349 167.632 0.868655 0.492608 -0.0137072 132.546 0.0296963 -0.0247486 0.999358 6.0492
0.491785 -0.86925 -0.0217695 167.873 0.868798 0.492211 -0.0177001 133.027 0.0260306 -0.0101875 0.999708 6.01766
0.489622 -0.870454 -0.0221729 168.419 0.869898 0.490093 -0.021554 133.949 0.0295667 -0.00870943 0.999617 6.10119
0.491177 -0.869493 -0.0250119 168.601 0.868715 0.491798 -0.0288205 134.321 0.0373169 -0.00754387 0.99936 6.12359
0.491577 -0.86926 -0.0250616 169.157 0.868238 0.492232 -0.034844 135.258 0.0425944 -0.00459505 0.99916 6.21043
0.49285 -0.868544 -0.0246823 169.385 0.867332 0.493496 -0.0390269 135.67 0.0460553 -0.0021313 0.999008 6.26506
0.493367 -0.868208 -0.025927 169.844 0.866793 0.494076 -0.0432357 136.483 0.0503361 -0.00109743 0.998796 6.29162
0.497793 -0.865632 -0.0272012 170.011 0.864318 0.49855 -0.0411722 136.854 0.0491867 -0.00297549 0.998843 6.39
0.501508 -0.863491 -0.026805 170.476 0.862318 0.502226 -0.038134 137.607 0.0463688 -0.00395287 0.998968 6.45855
0.507603 -0.859962 -0.0252494 170.666 0.859181 0.508191 -0.0284692 138.018 0.0372691 -0.00721442 0.999324 6.46226
0.513279 -0.856611 -0.0241715 171.173 0.855943 0.513792 -0.024954 138.854 0.0337409 -0.00785487 0.999438 6.42316
0.519862 -0.85261 -0.0246781 171.377 0.851978 0.520374 -0.0239015 139.194 0.0331646 -0.00857608 0.999445 6.41901
0.525232 -0.849342 -0.0233646 171.921 0.848239 0.525743 -0.0359895 140.021 0.0428192 -0.000873362 0.999108 6.43073
0.531691 -0.845028 -0.0318652 172.04 0.843816 0.532593 -0.0388834 140.274 0.0498142 -0.00618605 0.998758 6.51857
0.537206 -0.841392 -0.0352099 172.473 0.83999 0.538296 -0.0427689 141.07 0.054937 -0.00657355 0.99848 6.62308
0.54291 -0.837553 -0.0388572 172.663 0.836433 0.544141 -0.0380353 141.331 0.0529935 -0.0118391 0.99853 6.6875
0.547862 -0.83443 -0.0362855 173.22 0.833412 0.548919 -0.0353548 142.114 0.0494028 -0.0108566 0.998719 6.71479
