0.503284 -0.863434 0.0344723 0.710477 0.863827 0.503753 0.00602725 0.542399 -0.0225697 0.0267447 0.999387 0.772435
0.500197 -0.865206 0.0349718 0.883119 0.86562 0.50067 0.00578535 0.805811 -0.0225148 0.0273784 0.999372 0.749219
0.495882 -0.867786 0.0324006 1.35832 0.868137 0.496295 0.0057448 1.63178 -0.0210655 0.0252794 0.99946 0.742883
0.491655 -0.870243 0.030841 1.82477 0.870565 0.492028 0.00544682 2.46839 -0.0199147 0.0241711 0.999512 0.741356
0.487535 -0.872603 0.0295673 2.271 0.872905 0.487871 0.00502888 3.26172 -0.0188132 0.0233576 0.999554 0.735283
0.48345 -0.874936 0.027636 2.68056 0.875193 0.483754 0.00525675 4.00617 -0.0179683 0.0216453 0.999609 0.7286
0.479462 -0.877174 0.0260995 3.07529 0.877386 0.479756 0.00611484 4.73682 -0.0178851 0.0199674 0.999647 0.717192
0.475675 -0.879252 0.0254952 3.45886 0.879416 0.475997 0.00819419 5.45478 -0.0193404 0.018523 0.999649 0.704828
0.472205 -0.881089 0.0265903 3.83963 0.881237 0.472582 0.0100877 6.16902 -0.0214542 0.0186688 0.999604 0.685172
0.469268 -0.882605 0.0282443 4.22027 0.882762 0.469705 0.01125 6.87947 -0.0231958 0.0196536 0.999548 0.662348
0.466841 -0.883844 0.0296941 4.59862 0.88403 0.467314 0.0113819 7.58545 -0.0239362 0.0209367 0.999506 0.638275
0.465044 -0.884755 0.0307768 4.97956 0.884985 0.465524 0.0105752 8.29174 -0.0236838 0.0223187 0.999483 0.621639
0.463378 -0.885609 0.0313527 5.36158 0.885865 0.463861 0.0101277 9.00729 -0.0235124 0.0230809 0.999471 0.609266
0.462065 -0.886255 0.0324801 5.75012 0.886553 0.462559 0.00949593 9.73547 -0.0234397 0.0244071 0.999442 0.592212
0.46087 -0.886863 0.0328688 6.13788 0.887199 0.461343 0.00833054 10.4785 -0.0225518 0.0253214 0.999441 0.582673
0.459743 -0.887481 0.0319602 6.52222 0.887834 0.460151 0.00653549 11.2389 -0.0205066 0.0253703 0.999485 0.574859
0.458551 -0.888191 0.0292698 6.90455 0.888497 0.458884 0.0056667 12.016 -0.0184646 0.0234073 0.999574 0.567108
0.4573 -0.888942 0.0258689 7.29206 0.889171 0.457577 0.00587167 12.8113 -0.0170566 0.0203164 0.999668 0.556736
0.45608 -0.889623 0.0239714 7.68937 0.8898 0.456342 0.00681182 13.6201 -0.0169991 0.0182228 0.99971 0.540933
0.454959 -0.890201 0.0238459 8.09792 0.890353 0.455243 0.00815238 14.4426 -0.018113 0.0175221 0.999705 0.522095
0.453955 -0.890696 0.0245065 8.50683 0.890836 0.454275 0.00948886 15.277 -0.0195844 0.0175236 0.999679 0.508523
0.452923 -0.891193 0.0255259 8.91671 0.891349 0.453266 0.00962395 16.1084 -0.0201468 0.0183934 0.999654 0.493767
0.451868 -0.891699 0.0266068 9.33547 0.89189 0.452219 0.0089381 16.934 -0.0200022 0.0196912 0.999633 0.490207
0.450975 -0.892125 0.0274655 9.76277 0.892341 0.451337 0.00862563 17.7656 -0.0200913 0.0206183 0.999614 0.487182
0.450382 -0.892402 0.0282424 10.1902 0.892606 0.450788 0.0100079 18.5999 -0.0216623 0.0207016 0.999581 0.479944
0.450234 -0.892453 0.0290424 10.614 0.8926 0.450723 0.0131603 19.4431 -0.0248349 0.0199976 0.999523 0.459208
0.451129 -0.891986 0.02957 11.0476 0.892043 0.451704 0.0168936 20.2862 -0.0284255 0.0187562 0.999453 0.44011
0.452773 -0.891107 0.0309834 11.4804 0.891121 0.453434 0.0191752 21.1292 -0.0311358 0.0189276 0.99937 0.409351
0.454629 -0.890122 0.0321304 11.9067 0.89016 0.455325 0.0190886 21.9744 -0.0316206 0.0199226 0.999337 0.381526
0.456403 -0.889218 0.0320619 12.3292 0.88934 0.457038 0.0162361 22.8174 -0.0290907 0.0211033 0.999391 0.370343
0.458027 -0.888425 0.0309475 12.7468 0.888628 0.458548 0.0123076 23.6605 -0.0251251 0.0218632 0.999484 0.35935
0.459168 -0.887919 0.0285274 13.1779 0.888121 0.459586 0.0101597 24.5206 -0.0221316 0.0206705 0.999582 0.342788
0.459927 -0.887587 0.0266407 13.6172 0.88773 0.460322 0.0111301 25.3993 -0.0221422 0.0185306 0.999626 0.327235
0.459985 -0.887534 0.0274659 14.0669 0.887621 0.460455 0.014154 26.285 -0.0252088 0.0178686 0.999567 0.304785
0.459489 -0.887644 0.0319376 14.5203 0.887784 0.460104 0.0154322 27.1652 -0.0283926 0.0212625 0.999417 0.27859
0.458198 -0.888077 0.0379424 14.9729 0.888411 0.458947 0.0138034 28.0462 -0.0296717 0.0273831 0.999233 0.265078
0.456543 -0.888707 0.0428932 15.4313 0.889294 0.45733 0.0103318 28.9188 -0.0287979 0.0334268 0.999076 0.248638
0.4545 -0.889683 0.0443911 15.879 0.890422 0.455203 0.00676828 29.7911 -0.0262282 0.0364494 0.999044 0.231313
0.452893 -0.890467 0.0451399 16.329 0.891306 0.453509 0.00396902 30.6701 -0.0240054 0.0384346 0.999028 0.20595
0.451468 -0.891193 0.0451537 16.788 0.892048 0.452058 0.00331667 31.5635 -0.0233677 0.0387806 0.999032 0.1832
0.450275 -0.891832 0.0445063 17.2452 0.892636 0.450893 0.00446511 32.4657 -0.0240495 0.0377162 0.999059 0.17051
0.449058 -0.892501 0.0434206 17.7015 0.893195 0.449754 0.00734697 33.3788 -0.0260855 0.0354827 0.999092 0.159543
0.448342 -0.892872 0.0432775 18.1622 0.893456 0.449165 0.0111353 34.2847 -0.0293806 0.0336731 0.999066 0.139053
0.447856 -0.893107 0.0435224 18.6184 0.89358 0.448813 0.0149634 35.1925 -0.0328968 0.0321885 0.999008 0.112328
0.447872 -0.893118 0.0431987 19.0688 0.893476 0.448914 0.0180287 36.1019 -0.0354935 0.0305217 0.998975 0.0918412
0.448096 -0.893078 0.0417482 19.5158 0.893331 0.449138 0.0197542 37.0057 -0.0363919 0.0284427 0.999007 0.0694851
0.448544 -0.892917 0.0404556 19.9528 0.893145 0.44953 0.0194169 37.9083 -0.0355229 0.027423 0.99907 0.0425936
0.448775 -0.892887 0.0385814 20.3824 0.893116 0.449657 0.0179442 38.8021 -0.0333699 0.0264046 0.999174 0.0208846
0.448358 -0.893132 0.0378498 20.8154 0.89339 0.449178 0.0164678 39.7019 -0.0317086 0.026431 0.999231 -0.000296667
0.447339 -0.893637 0.0380679 21.2542 0.893924 0.448148 0.0157903 40.5947 -0.0311703 0.0269661 0.999237 -0.0325424
0.446464 -0.894073 0.0381954 21.6942 0.894377 0.447266 0.0154191 41.4859 -0.0308688 0.027277 0.999241 -0.0492512
0.445744 -0.894462 0.0375892 22.1306 0.894789 0.446493 0.0141142 42.3674 -0.0294075 0.0273431 0.999287 -0.0642727
0.445236 -0.894779 0.0361104 22.5648 0.895112 0.4459 0.0125163 43.2538 -0.0273008 0.0267503 0.999366 -0.0829094
0.445068 -0.894898 0.0353146 23.0056 0.895234 0.445688 0.011648 44.1366 -0.026163 0.026431 0.999408 -0.103502
0.445158 -0.894821 0.0362314 23.4452 0.895129 0.445855 0.0135914 45.0098 -0.0283156 0.0263818 0.999355 -0.105403
0.444968 -0.894843 0.0380663 23.8728 0.895146 0.445769 0.0154113 45.881 -0.030759 0.0272177 0.999264 -0.117498
0.444837 -0.894823 0.0400994 24.304 0.895157 0.445726 0.0162826 46.7397 -0.0324428 0.0286523 0.999175 -0.134468
0.444672 -0.894808 0.0423034 24.7411 0.895238 0.445607 0.0153624 47.5934 -0.0325965 0.0310403 0.999103 -0.159667
0.444287 -0.89495 0.0434221 25.1699 0.89544 0.445236 0.0146296 48.4509 -0.0324252 0.0323819 0.99907 -0.180088
0.443365 -0.895296 0.0457585 25.5883 0.895881 0.444373 0.014124 49.3176 -0.0329783 0.0347316 0.998977 -0.201699
0.442004 -0.895774 0.0495142 26.013 0.896411 0.443231 0.0165615 50.1918 -0.0367803 0.0370639 0.998764 -0.2079
0.440694 -0.896299 0.0517323 26.4371 0.896895 0.442129 0.0198039 51.0609 -0.0406208 0.03767 0.998597 -0.230834
0.439971 -0.896578 0.053117 26.8444 0.897238 0.441453 0.019571 51.9172 -0.0409937 0.0390467 0.998533 -0.258578
0.438863 -0.897325 0.0496629 27.2552 0.898056 0.440007 0.0141842 52.7337 -0.0345787 0.0383742 0.998807 -0.273673
0.437904 -0.89799 0.0460944 27.6594 0.898748 0.438742 0.00908262 53.5489 -0.0283793 0.0374493 0.999042 -0.289224
0.437383 -0.898541 0.040019 28.0391 0.899106 0.438034 0.00835642 54.3843 -0.0250385 0.0323266 0.999316 -0.302136
0.43676 -0.899019 0.0360567 28.4218 0.899389 0.437399 0.011324 55.2241 -0.0259519 0.0274843 0.999442 -0.329988
0.435882 -0.899514 0.0344538 28.8112 0.899754 0.436565 0.0146113 56.0507 -0.0281843 0.0246328 0.999462 -0.349799
0.434985 -0.899993 0.0334316 29.1927 0.900123 0.435709 0.0175761 56.8564 -0.0303845 0.0224493 0.999454 -0.364645
0.433675 -0.900614 0.0339321 29.568 0.900708 0.434449 0.0190709 57.6454 -0.0319166 0.0222945 0.999415 -0.377936
0.432221 -0.901298 0.0345025 29.932 0.901378 0.433034 0.0199594 58.4219 -0.0329293 0.0224752 0.999383 -0.396136
0.430955 -0.901867 0.0356481 30.2941 0.901978 0.431804 0.0198045 59.1718 -0.033253 0.0236212 0.999352 -0.412464
0.429758 -0.902452 0.0354735 30.6445 0.902548 0.43061 0.0201481 59.9023 -0.0334569 0.0233602 0.999356 -0.421225
0.428525 -0.903094 0.0342189 30.9926 0.903114 0.429369 0.0215875 60.6368 -0.0341868 0.0216557 0.999375 -0.435083
0.427422 -0.903684 0.0325919 31.3315 0.903566 0.428271 0.0245825 61.3711 -0.0361713 0.0189454 0.999366 -0.451191
0.426133 -0.904345 0.0313368 31.6614 0.90406 0.427004 0.0284546 62.0915 -0.0391114 0.0162092 0.999309 -0.480529
0.424814 -0.904984 0.0310171 31.9838 0.904631 0.4257 0.0300656 62.7931 -0.0404101 0.0152913 0.999277 -0.491336
0.423513 -0.905698 0.0280567 32.2697 0.905502 0.424208 0.0246754 63.4292 -0.0342488 0.0149602 0.999519 -0.474282
0.422496 -0.906265 0.0251756 32.5593 0.906216 0.423012 0.018519 64.0587 -0.0274326 0.0149959 0.999734 -0.467748
0.421898 -0.906624 0.0224111 32.8483 0.90665 0.422277 0.0138024 64.6855 -0.0219783 0.0145019 0.999883 -0.491329
0.421336 -0.906934 0.0206584 33.1221 0.906866 0.421717 0.0169101 65.3217 -0.024049 0.0116166 0.999878 -0.534837
0.420598 -0.907298 0.020055 33.4021 0.907127 0.421005 0.0206512 65.9513 -0.02718 0.00951426 0.999826 -0.562888
0.419721 -0.907695 0.0208176 33.6842 0.90748 0.420168 0.0224547 66.5618 -0.0291283 0.00947484 0.999777 -0.561689
0.419555 -0.907657 0.0256191 33.9598 0.907698 0.420038 0.0152686 67.1079 -0.0246198 0.016855 0.999807 -0.528594
0.419966 -0.907389 0.0285289 34.2269 0.90764 0.420376 0.00824444 67.641 -0.019475 0.0224373 0.999817 -0.505518
0.422798 -0.906082 0.0285043 34.47 0.906395 0.423127 0.00466752 68.1611 -0.0162921 0.0238684 0.999846 -0.522517
0.427001 -0.90427 0.0231682 34.687 0.904406 0.427321 0.00851031 68.6763 -0.0175978 0.0173271 0.999965 -0.546068
0.431163 -0.902385 0.0196505 34.923 0.902387 0.431481 0.012729 69.1876 -0.0199667 0.0122532 1 -0.563157
0.435933 -0.900055 0.0215406 35.1659 0.899996 0.43634 0.0164907 69.6777 -0.0242418 0.0122068 0.999914 -0.56091
0.441695 -0.897113 0.0266275 35.4255 0.897048 0.442276 0.0192019 70.155 -0.0290016 0.0154133 0.999749 -0.561647
0.451503 -0.892101 0.0305011 35.6811 0.892097 0.4522 0.0191737 70.6213 -0.0308953 0.0185608 0.999644 -0.559263
0.463246 -0.886066 0.03056 35.9266 0.886026 0.463962 0.0200758 71.0697 -0.0319645 0.0177851 0.999631 -0.562066
0.479545 -0.877558 0.0242449 36.1618 0.877306 0.480105 0.0235999 71.5081 -0.0323479 0.00996382 0.999733 -0.578266
0.498341 -0.867121 0.0207656 36.4027 0.866758 0.4988 0.0259004 71.9354 -0.0328141 0.00510409 0.99976 -0.593261
0.51966 -0.854497 0.0218159 36.683 0.854126 0.520146 0.0260232 72.3298 -0.0335813 0.00512327 0.99974 -0.596551
0.544735 -0.838649 0.0251876 36.9352 0.838284 0.545327 0.0260438 72.6934 -0.0355733 0.00694012 0.999666 -0.597731
0.572425 -0.819912 0.0281512 37.1732 0.819515 0.573122 0.0269596 73.0259 -0.0382336 0.00765073 0.999568 -0.61353
0.601737 -0.798585 0.0301297 37.4264 0.798133 0.602506 0.0281396 73.3463 -0.0406193 0.00712799 0.999483 -0.624823
0.634211 -0.773005 0.0314625 37.6913 0.772519 0.635018 0.0284284 73.6657 -0.041948 0.00628952 0.99944 -0.634441
0.668882 -0.743221 0.0313932 37.9735 0.742687 0.669665 0.0287781 73.9813 -0.0424046 0.004081 0.999438 -0.645826
0.705458 -0.70867 0.0299586 38.2405 0.708072 0.706155 0.0294415 74.2631 -0.0420131 0.000459394 0.999468 -0.653656
0.743244 -0.66902 0.0283075 38.519 0.668427 0.74384 0.0285874 74.5212 -0.0401758 -0.00230821 0.999547 -0.650099
0.780632 -0.625025 0.0278769 38.8041 0.624421 0.781178 0.0281613 74.7595 -0.0393726 -0.00455784 0.999578 -0.660823
0.817327 -0.57623 0.0278359 39.1285 0.57561 0.817835 0.0278878 74.9843 -0.0388294 -0.00675074 0.999593 -0.682207
0.852538 -0.522779 0.0271925 39.4753 0.522159 0.852986 0.0273565 75.1568 -0.0374913 -0.00910227 0.999631 -0.714191
0.884682 -0.466389 0.0264273 39.8355 0.465807 0.885076 0.0259063 75.3117 -0.0354686 -0.0105865 0.999697 -0.734591
0.913167 -0.407858 0.0260373 40.2166 0.407298 0.913522 0.0248495 75.433 -0.0339174 -0.0120635 0.999741 -0.745821
0.937667 -0.347859 0.0264209 40.6024 0.34729 0.938002 0.0244545 75.5318 -0.0332867 -0.0137301 0.999747 -0.742927
0.957885 -0.287352 0.0288735 40.9801 0.286682 0.958242 0.0257983 75.6147 -0.0350773 -0.0164087 0.999653 -0.740873
0.974068 -0.226174 0.0317608 41.3526 0.225392 0.974461 0.0269545 75.6738 -0.0370417 -0.01907 0.999542 -0.752077
0.986018 -0.166463 0.0324986 41.7194 0.165721 0.986428 0.0249478 75.7049 -0.0362064 -0.019186 0.999577 -0.772701
0.994154 -0.107689 0.0329404 42.1133 0.10705 0.994606 0.0211946 75.7134 -0.0350417 -0.0175173 0.999657 -0.780642
0.998654 -0.0517326 0.0326697 42.5014 0.0511029 0.999072 0.0204381 75.7255 -0.0336939 -0.0187131 0.999689 -0.758992
1.00002 0.00341831 0.0319645 42.8884 -0.00412689 1.00033 0.0227614 75.7251 -0.0318954 -0.022864 0.999669 -0.753729
0.99852 0.0557548 0.0310201 43.27 -0.0565361 0.998684 0.0255561 75.709 -0.0295539 -0.0272401 0.999639 -0.773921
0.994871 0.10235 0.0300147 43.6538 -0.103009 0.995064 0.0219496 75.656 -0.0276206 -0.0248974 0.999763 -0.840865
0.989434 0.145791 0.0306763 44.0449 -0.146133 0.989859 0.00974763 75.5585 -0.028944 -0.0141001 0.999944 -0.860395
0.983033 0.184004 0.0315901 44.4195 -0.184135 0.98356 0.00170032 75.4804 -0.0307568 -0.00746379 0.99997 -0.846688
0.976056 0.218161 0.0310146 44.8155 -0.218366 0.97654 0.00373867 75.4102 -0.029471 -0.010396 0.99999 -0.796757
0.968626 0.249385 0.0291096 45.2208 -0.249836 0.968897 0.0133504 75.3249 -0.0248769 -0.0201744 0.999974 -0.778108
0.960733 0.278433 0.0278905 45.6255 -0.279058 0.960742 0.0220697 75.2471 -0.0206551 -0.0289524 0.999863 -0.799547
0.95292 0.304334 0.0258762 45.9909 -0.304925 0.952834 0.0233722 75.1493 -0.0175491 -0.0301275 0.999896 -0.824325
0.94523 0.327737 0.0226034 46.3573 -0.328172 0.945188 0.0193293 75.0113 -0.0150375 -0.0256557 1.00007 -0.845024
0.937841 0.348778 0.015062 46.7219 -0.348987 0.937806 0.0144612 74.8655 -0.00909316 -0.0187893 1.0003 -0.833741
0.930594 0.36796 0.00742033 47.0841 -0.368033 0.930545 0.0123674 74.7178 -0.00237017 -0.014213 1.00042 -0.838353
0.923728 0.384956 0.00530561 47.4899 -0.385001 0.923661 0.0131912 74.5662 0.000159489 -0.014201 1.00044 -0.850052
0.917516 0.399505 0.00938223 47.9336 -0.399618 0.917423 0.0149118 74.4047 -0.00266711 -0.0174029 1.00039 -0.866108
0.911308 0.413373 0.0143514 48.3746 -0.413587 0.911208 0.0162162 74.2222 -0.00638914 -0.0206835 1.00032 -0.872901
0.905266 0.426331 0.0183289 48.8278 -0.426633 0.905191 0.0162573 74.0154 -0.00967412 -0.0225059 1.00026 -0.870026
0.900359 0.436686 0.0172263 49.3032 -0.436929 0.900347 0.0123113 73.7795 -0.0101476 -0.0185824 1.00035 -0.865966
0.895482 0.446706 0.0154573 49.7653 -0.446887 0.895507 0.00868661 73.5458 -0.00997654 -0.01466 1.00042 -0.866824
0.891515 0.45466 0.0139796 50.2352 -0.454821 0.891526 0.00831043 73.3146 -0.00870065 -0.0137415 1.00046 -0.876852
0.888414 0.460763 0.0128641 50.7171 -0.460906 0.88842 0.00760651 73.0839 -0.00794077 -0.0126623 1.00048 -0.885197
0.885656 0.466104 0.0119933 51.2051 -0.466238 0.885655 0.00727342 72.8429 -0.00724938 -0.0120095 1.00051 -0.887973
0.883314 0.470567 0.0119137 51.7182 -0.470709 0.8833 0.00791259 72.5769 -0.00681827 -0.0125732 1.00051 -0.885372
0.881206 0.474551 0.0115698 52.2384 -0.474693 0.881182 0.00804164 72.2983 -0.00639796 -0.0125548 1.00052 -0.88439
0.879461 0.477825 0.0112192 52.7754 -0.477963 0.879436 0.00751236 72.0123 -0.00629659 -0.0119463 1.00054 -0.880036
0.8784 0.479832 0.0103365 53.3296 -0.47995 0.878388 0.00521992 71.7038 -0.00659473 -0.00952519 1.00057 -0.879253
0.877313 0.481868 0.00968496 53.9005 -0.481972 0.877309 0.00321983 71.3834 -0.00696545 -0.00747348 1.00059 -0.875638
0.876799 0.48287 0.00823164 54.5091 -0.482945 0.876798 -0.000217908 71.0495 -0.00734335 -0.00376821 1.00062 -0.877421
0.876644 0.483214 0.00661033 55.1183 -0.483264 0.876633 -0.00366917 70.7044 -0.00758892 3.49082e-05 1.00063 -0.885606
0.877768 0.481212 0.00641084 55.7624 -0.481256 0.877749 -0.00497105 70.3775 -0.00804054 0.00128951 1.00064 -0.892513
0.879401 0.478278 0.0051054 56.4003 -0.478305 0.879357 -0.00794014 70.0273 -0.00830875 0.00454885 1.00063 -0.900068
0.881422 0.474594 0.00400609 57.0443 -0.474611 0.881349 -0.0103735 69.6764 -0.00847607 0.0072475 1.00063 -0.908173
0.883723 0.470338 0.00408674 57.7006 -0.470345 0.883634 -0.0117309 69.3109 -0.00915086 0.00844839 1.00062 -0.915478
0.886016 0.466042 0.0046546 58.3751 -0.466037 0.885916 -0.0128986 68.9476 -0.0101568 0.00926131 1.00061 -0.921186
0.888023 0.462208 0.00780039 59.1062 -0.462211 0.88797 -0.0104048 68.5851 -0.0117569 0.00563859 1.00063 -0.946279
0.890001 0.458403 0.00932834 59.8347 -0.458391 0.889957 -0.0111929 68.256 -0.0134532 0.00568927 1.00061 -0.964796
0.891823 0.454871 0.0103324 60.5616 -0.454857 0.891787 -0.0112324 67.9207 -0.0143438 0.0053207 1.00061 -0.965609
0.893439 0.451755 0.00943044 61.2798 -0.4518 0.893399 -0.00726359 67.5669 -0.0117284 0.00223383 1.00067 -0.94273
0.894752 0.449233 0.00740759 62.0111 -0.449329 0.894689 -0.00256125 67.1997 -0.00780258 -0.00102986 1.00072 -0.926453
0.895238 0.44833 0.00599629 62.7378 -0.44846 0.895142 0.0032421 66.8204 -0.00394108 -0.00558138 1.00073 -0.920803
0.895467 0.447923 0.00560784 63.4705 -0.448068 0.895328 0.00791098 66.444 -0.00150628 -0.0095835 1.00072 -0.926839
0.895298 0.448281 0.00738018 64.2306 -0.44845 0.895149 0.00864072 66.0606 -0.00276159 -0.0110314 1.00071 -0.943577
0.894986 0.448914 0.00927743 64.9877 -0.449108 0.894841 0.00838551 65.6742 -0.00456558 -0.0116568 1.0007 -0.946014
0.894647 0.449573 0.0119179 65.7506 -0.449813 0.894492 0.00976693 65.3214 -0.00629692 -0.0140819 1.00067 -0.92487
0.894441 0.449968 0.0140031 66.5017 -0.450255 0.894272 0.0112305 64.9721 -0.00749628 -0.0163311 1.00064 -0.907315
0.894536 0.449827 0.0139437 67.2442 -0.450126 0.894342 0.012316 64.6099 -0.00695819 -0.0172739 1.00063 -0.912531
0.894508 0.449941 0.0135477 67.9822 -0.450246 0.894282 0.0136492 64.2482 -0.00600291 -0.0182887 1.00063 -0.913844
0.893918 0.451141 0.014082 68.7082 -0.451474 0.893649 0.0157504 63.8867 -0.00550813 -0.0204147 1.0006 -0.914078
0.892152 0.454591 0.0164525 69.4166 -0.454996 0.891833 0.0182723 63.5127 -0.00639565 -0.0237614 1.00053 -0.907723
0.890212 0.458299 0.019605 70.1321 -0.458804 0.889857 0.0203019 63.1377 -0.00816952 -0.0270382 1.00045 -0.90011
0.887954 0.462563 0.0226565 70.8703 -0.463178 0.887565 0.0222041 62.7572 -0.00986571 -0.0301768 1.00035 -0.890494
0.884421 0.469243 0.0242868 71.5979 -0.469923 0.884012 0.0230939 62.3787 -0.0106602 -0.0318021 1.0003 -0.892878
0.880488 0.476571 0.0253141 72.3218 -0.477295 0.880061 0.0236929 62.003 -0.0110137 -0.0329065 1.00027 -0.888891
0.875646 0.485471 0.0249198 73.0323 -0.486189 0.875195 0.023954 61.6005 -0.0102086 -0.0330534 1.00029 -0.888124
0.870588 0.494556 0.0242715 73.7273 -0.495253 0.870135 0.0235203 61.1939 -0.0095161 -0.0324598 1.00032 -0.889531
0.86534 0.503736 0.0239439 74.422 -0.50442 0.864893 0.0228941 60.7896 -0.00920566 -0.0318522 1.00035 -0.884961
0.859394 0.513789 0.0252276 75.1138 -0.514517 0.858956 0.0226952 60.3853 -0.010038 -0.0324463 1.00034 -0.875643
0.853317 0.523851 0.0253064 75.7897 -0.524576 0.852902 0.0216771 59.9741 -0.0102576 -0.0317353 1.00037 -0.868281
0.847156 0.533788 0.0253874 76.4594 -0.534516 0.846742 0.0213133 59.5566 -0.0101495 -0.0315883 1.00038 -0.86184
0.841088 0.543335 0.025353 77.1176 -0.544074 0.84064 0.0220461 59.1414 -0.00936473 -0.0322982 1.00038 -0.857276
0.83523 0.552356 0.0248087 77.7706 -0.553084 0.834754 0.022461 58.7212 -0.00833396 -0.0324426 1.00039 -0.856992
0.829409 0.561139 0.023726 78.4142 -0.561835 0.82892 0.0223016 58.2958 -0.00718512 -0.031789 1.00043 -0.854657
0.823858 0.569315 0.0231194 79.048 -0.569996 0.823354 0.0223455 57.867 -0.00634721 -0.0315495 1.00046 -0.849221
0.818456 0.577105 0.0226876 79.6702 -0.577775 0.817948 0.0220892 57.4425 -0.00584352 -0.0311496 1.00048 -0.845771
0.813297 0.584367 0.023174 80.2759 -0.585055 0.812784 0.0220675 57.014 -0.0059743 -0.0314671 1.00048 -0.843497
0.808475 0.591019 0.0240203 80.8717 -0.591731 0.807988 0.0211216 56.5701 -0.00695897 -0.0312514 1.00049 -0.84092
0.804787 0.596032 0.0248065 81.4714 -0.596753 0.804374 0.0186694 56.1338 -0.0088594 -0.0297915 1.00053 -0.83284
0.802252 0.599459 0.0251989 82.0633 -0.600167 0.801917 0.0157588 55.6977 -0.0107931 -0.0277319 1.00058 -0.834548
0.80034 0.602036 0.0254216 82.6474 -0.602719 0.800081 0.0127145 55.2658 -0.0127163 -0.0254668 1.00063 -0.831964
0.799395 0.603295 0.0261539 83.2061 -0.603992 0.799155 0.0120621 54.8431 -0.0136551 -0.0254079 1.00063 -0.83357
0.799769 0.602842 0.0260568 83.753 -0.603543 0.799516 0.0122779 54.4356 -0.0134624 -0.0255144 1.00064 -0.835217
0.800554 0.601908 0.0243776 84.264 -0.602553 0.800306 0.0108538 54.0473 -0.0130084 -0.0233495 1.00071 -0.819904
0.802122 0.599907 0.0231097 84.7706 -0.600529 0.801845 0.0110863 53.6608 -0.0119124 -0.0227433 1.00075 -0.817267
0.805522 0.595401 0.0224657 85.2911 -0.596025 0.805202 0.0123302 53.2843 -0.0107817 -0.0232943 1.00076 -0.808801
0.809869 0.589533 0.0220565 85.8135 -0.590163 0.809509 0.0135765 52.9073 -0.0098856 -0.0239831 1.00077 -0.814991
0.816219 0.580734 0.0226338 86.2947 -0.581394 0.815826 0.0148529 52.5512 -0.00987424 -0.0252513 1.00074 -0.819924
0.823816 0.569952 0.0227761 86.776 -0.570629 0.823385 0.016044 52.232 -0.00964415 -0.0261815 1.00073 -0.816696
0.833076 0.556437 0.0214375 87.2527 -0.557083 0.832623 0.0161079 51.9482 -0.00892205 -0.0253303 1.00077 -0.814063
0.844785 0.538608 0.0200612 87.7365 -0.53924 0.844247 0.0186888 51.6685 -0.00690803 -0.0265726 1.00077 -0.8044
0.857273 0.518616 0.0187266 88.2006 -0.519233 0.85663 0.0219032 51.409 -0.00472148 -0.0284642 1.00074 -0.79729
0.871136 0.4951 0.0173153 88.682 -0.495688 0.870432 0.0235001 51.171 -0.00347721 -0.0290173 1.00074 -0.791172
0.886983 0.466224 0.0165649 89.1706 -0.466794 0.886268 0.0234662 50.9447 -0.00378112 -0.0285097 1.00076 -0.795901
0.903491 0.433424 0.0174929 89.6832 -0.434021 0.902787 0.0229384 50.7477 -0.00589016 -0.0282801 1.00077 -0.811702
0.919711 0.397884 0.0189829 90.2064 -0.398515 0.919042 0.0218186 50.5832 -0.00880321 -0.0275957 1.00077 -0.821792
0.937514 0.353681 0.0245719 90.7025 -0.354473 0.936898 0.0223012 50.4453 -0.0151683 -0.0295774 1.00065 -0.820222
0.953616 0.30738 0.0290928 91.1978 -0.308328 0.953043 0.0238327 50.3279 -0.020432 -0.0316526 1.00051 -0.824755
0.96824 0.257363 0.0327416 91.7294 -0.258489 0.96767 0.0269117 50.2386 -0.0247849 -0.0344697 1.00032 -0.834011
0.981005 0.203364 0.0339737 92.2464 -0.204527 0.980482 0.027379 50.1932 -0.0277687 -0.0337573 1.00028 -0.847957
0.99174 0.142933 0.0314519 92.7603 -0.143934 0.991248 0.0253049 50.1795 -0.0275862 -0.0295796 1.00043 -0.842285
0.999095 0.0781964 0.0272873 93.2688 -0.0789905 0.998587 0.022904 50.1845 -0.0254861 -0.0250035 1.00062 -0.82213
1.00227 0.0103199 0.0216223 93.745 -0.0108888 1.00172 0.0200682 50.2041 -0.0214839 -0.0203228 1.00083 -0.819753
1.00073 -0.0587192 0.016845 94.2291 0.0582826 1.0001 0.0195118 50.2651 -0.0180269 -0.0185213 1.00094 -0.825801
0.99435 -0.127856 0.0129487 94.7058 0.127506 0.993658 0.0200769 50.3749 -0.0154702 -0.01829 1.001 -0.839591
0.982949 -0.197431 0.0111962 95.1639 0.197127 0.982229 0.0207527 50.5186 -0.0151318 -0.0181691 1.00102 -0.869265
0.966787 -0.265598 0.0104858 95.609 0.265336 0.966076 0.0203372 50.676 -0.0155693 -0.0168588 1.00104 -0.89876
0.946296 -0.331193 0.0137645 96.0603 0.33091 0.945666 0.0200513 50.8376 -0.0196932 -0.0144024 1.00102 -0.88742
0.921548 -0.394664 0.0190119 96.4836 0.394335 0.921055 0.0205389 51.0428 -0.0256492 -0.0114173 1.00094 -0.897717
0.893073 -0.455185 0.0246972 96.8987 0.454747 0.892747 0.0236058 51.2694 -0.0328206 -0.00983858 1.00076 -0.902027
0.862171 -0.511043 0.0297396 97.2736 0.510449 0.862032 0.0279575 51.5181 -0.0399456 -0.00891117 1.00052 -0.928415
0.830397 -0.561012 0.0331304 97.6344 0.560258 0.830421 0.0322998 51.7773 -0.0456496 -0.00824714 1.00029 -0.923025
0.801471 -0.601575 0.0339406 97.9672 0.600706 0.801562 0.0356189 52.0836 -0.0486467 -0.00814523 1.00016 -0.92697
0.773898 -0.636733 0.0326379 98.2912 0.635656 0.773934 0.0409006 52.374 -0.0513123 -0.010886 1.00002 -0.950619
0.749043 -0.665998 0.0285039 98.6615 0.664924 0.74891 0.0423766 52.7082 -0.0495798 -0.0127647 1.00009 -0.973906
0.72617 -0.690999 0.0254761 99.0012 0.689961 0.725935 0.0428741 53.0315 -0.0481305 -0.0135303 1.00016 -1.01433
0.710038 -0.70751 0.0275484 99.3485 0.706641 0.709979 0.0390323 53.3008 -0.0471865 -0.00823101 1.00028 -1.03757
0.697856 -0.719456 0.0300105 99.6637 0.718684 0.697953 0.0368053 53.6316 -0.0474378 -0.00410742 1.0003 -1.0588
0.688147 -0.728783 0.0298752 99.9854 0.727959 0.688255 0.0379592 53.9944 -0.0482362 -0.00436309 1.00028 -1.04513
0.680474 -0.736114 0.0264647 100.323 0.735132 0.680413 0.0416847 54.3859 -0.0486994 -0.0088905 1.00024 -1.06312
0.6759 -0.740521 0.021175 100.679 0.73943 0.675562 0.0450781 54.7864 -0.0476924 -0.0147793 1.00023 -1.10104
0.674101 -0.742356 0.0144712 101.022 0.741288 0.673433 0.0469547 55.192 -0.0446093 -0.0208816 1.00027 -1.12449
0.674577 -0.742046 0.00931393 101.353 0.74108 0.673695 0.0470199 55.6094 -0.0411742 -0.0247652 1.00035 -1.15782
0.677026 -0.739855 0.00913623 101.706 0.739037 0.676236 0.0430495 56.0357 -0.0380406 -0.0223469 1.00054 -1.18858
0.679918 -0.737242 0.00896325 102.075 0.736611 0.679241 0.0375508 56.4486 -0.0337895 -0.0188889 1.00078 -1.2054
0.68361 -0.73389 0.00629503 102.453 0.733418 0.682928 0.0336014 56.8681 -0.0289814 -0.0183146 1.00095 -1.19815
0.68757 -0.730248 0.00193864 102.851 0.729861 0.686785 0.0331211 57.3007 -0.0255437 -0.0213136 1.001 -1.19446
0.691297 -0.726766 0.00112838 103.292 0.726217 0.69035 0.0392615 57.7763 -0.0293323 -0.0262656 1.00079 -1.22253
0.694757 -0.723501 0.00232685 103.738 0.722753 0.693719 0.044107 58.2444 -0.0335388 -0.028898 1.0006 -1.25498
0.698256 -0.720126 0.00806543 104.183 0.719104 0.697354 0.0468845 58.7135 -0.039393 -0.0268742 1.00046 -1.29793
0.700521 -0.717865 0.0144927 104.634 0.716596 0.699852 0.0485749 59.1788 -0.0450117 -0.0235821 1.00031 -1.33444
0.702348 -0.716017 0.0189739 105.102 0.714726 0.701933 0.0466097 59.6266 -0.0466885 -0.0191215 1.00035 -1.35717
0.703237 -0.715085 0.0225084 105.555 0.714018 0.703091 0.0401543 60.0942 -0.04454 -0.0121257 1.00057 -1.37736
0.703219 -0.715118 0.0234301 106.022 0.71438 0.703195 0.0317092 60.5788 -0.0391611 -0.00553296 1.00086 -1.37646
0.702716 -0.715791 0.0188884 106.508 0.715251 0.702568 0.026445 61.0724 -0.0322181 -0.00504849 1.00112 -1.3945
0.701703 -0.716979 0.0119187 106.984 0.716531 0.701376 0.0244175 61.5783 -0.0258926 -0.00856398 1.00129 -1.4185
0.699714 -0.719035 0.00636716 107.476 0.718379 0.699107 0.0343086 62.1022 -0.029138 -0.0193805 1.00107 -1.44824
0.698068 -0.720587 0.0130597 107.997 0.719637 0.697607 0.038992 62.6427 -0.0372131 -0.0177684 1.00085 -1.47838
0.696145 -0.722378 0.0181503 108.513 0.721156 0.69583 0.0431742 63.1757 -0.0438124 -0.0169123 1.00061 -1.50984
0.694592 -0.72392 0.0180564 109.039 0.722718 0.694299 0.0423859 63.7322 -0.0432153 -0.0163374 1.00066 -1.52484
0.693042 -0.725504 0.0158791 109.555 0.724423 0.692709 0.0399587 64.2999 -0.0399887 -0.0161365 1.00081 -1.5416
0.690422 -0.728174 0.00802178 110.072 0.727241 0.689819 0.039555 64.8712 -0.0343419 -0.0214138 1.00093 -1.56732
0.687513 -0.730988 0.00610042 110.627 0.730188 0.686929 0.0362133 65.4501 -0.0306732 -0.0203825 1.00109 -1.59618
0.684634 -0.733724 0.00701847 111.188 0.732875 0.684081 0.0366778 66.0444 -0.0317216 -0.0199063 1.00108 -1.64149
0.681723 -0.736458 0.00871412 111.747 0.73556 0.681238 0.0366969 66.643 -0.0329688 -0.0185474 1.00108 -1.67304
0.679819 -0.738197 0.0131196 112.29 0.737222 0.679503 0.0363727 67.2415 -0.0357673 -0.0149992 1.00106 -1.68677
0.678716 -0.73919 0.0165256 112.839 0.738152 0.678538 0.0363635 67.8432 -0.038091 -0.0124294 1.00102 -1.72284
0.678571 -0.739285 0.019946 113.409 0.738233 0.678549 0.0353936 68.4449 -0.0396958 -0.00924395 1.00101 -1.74851
0.678784 -0.739122 0.0205217 113.956 0.737983 0.678781 0.0370101 69.0683 -0.0412759 -0.00992646 1.00095 -1.77922
0.678992 -0.739034 0.018462 114.528 0.73789 0.678914 0.0372622 69.7077 -0.0400639 -0.0116238 1.001 -1.797
0.679339 -0.738843 0.0149739 115.088 0.737733 0.67914 0.0371227 70.3285 -0.0375919 -0.0141139 1.00108 -1.81665
0.679782 -0.738597 0.00768262 115.637 0.737467 0.679262 0.0408494 70.9563 -0.0353849 -0.0220305 1.00103 -1.83815
0.681538 -0.737059 0.00316392 116.206 0.735877 0.680765 0.0450794 71.577 -0.035372 -0.02831 1.00089 -1.85386
0.683616 -0.735188 7.02467e-05 116.784 0.733905 0.682584 0.0501292 72.2135 -0.0368882 -0.03412 1.00067 -1.88847
0.685606 -0.73338 -0.00132472 117.377 0.732034 0.68444 0.0527709 72.8497 -0.0377764 -0.0370448 1.00055 -1.91007
0.687124 -0.732008 -0.00121786 117.972 0.730725 0.686054 0.0505405 73.4822 -0.0361455 -0.0355138 1.00068 -1.92953
0.688611 -0.730656 0.00208269 118.575 0.729401 0.687811 0.0462739 74.1234 -0.0352309 -0.0302497 1.0009 -1.95987
0.689179 -0.730137 0.00716078 119.181 0.728917 0.688711 0.0409705 74.7461 -0.0348367 -0.0229319 1.00113 -1.98421
0.689774 -0.729581 0.0106448 119.783 0.728391 0.689509 0.0375756 75.3865 -0.0347463 -0.0180879 1.00125 -1.99736
0.690468 -0.728952 0.0120435 120.384 0.72773 0.690269 0.0373218 76.0289 -0.0355092 -0.0169287 1.00126 -2.02138
0.691391 -0.72813 0.0120004 120.982 0.72665 0.69108 0.0437109 76.6592 -0.0400972 -0.0214142 1.00102 -2.06681
0.692348 -0.727256 0.0128002 121.579 0.725489 0.691945 0.0496626 77.2917 -0.0449372 -0.025001 1.00075 -2.10997
0.69351 -0.726239 0.0104309 122.137 0.724606 0.69307 0.0475393 77.8867 -0.0417232 -0.0253136 1.00089 -2.11056
0.694316 -0.725574 0.00560453 122.725 0.724524 0.694034 0.0334375 78.5107 -0.0281545 -0.0190732 1.00152 -2.13337
0.694318 -0.725642 0.00278955 123.298 0.724873 0.69416 0.0225924 79.1335 -0.0183598 -0.0135942 1.00185 -2.13415
0.693242 -0.726677 0.00856798 123.902 0.725682 0.693148 0.0284408 79.7748 -0.0266149 -0.013425 1.00169 -2.14868
0.69211 -0.727561 0.0208451 124.529 0.725905 0.692286 0.0417985 80.4107 -0.0448033 -0.0137153 1.00106 -2.18694
0.690644 -0.72854 0.033358 125.151 0.726062 0.691344 0.0537434 81.0455 -0.0621313 -0.0128091 1.00017 -2.22869
0.690355 -0.72898 0.0309131 125.699 0.726645 0.69095 0.0516053 81.6434 -0.0588998 -0.0130747 1.00038 -2.23705
0.68991 -0.729949 0.0158328 126.239 0.72823 0.689878 0.0437969 82.2427 -0.0428517 -0.0185938 1.00112 -2.23196
0.689498 -0.730503 0.0100055 126.806 0.729154 0.689393 0.0363329 82.8745 -0.0334231 -0.017668 1.00151 -2.30977
0.688116 -0.731884 0.00872601 127.361 0.730612 0.688026 0.0339548 83.497 -0.0308452 -0.0169029 1.00163 -2.35161
0.685493 -0.734356 0.0121068 127.936 0.733016 0.68553 0.0337743 84.0903 -0.0330865 -0.0141936 1.00162 -2.35563
0.682581 -0.737116 0.0128194 128.493 0.735726 0.68265 0.0343318 84.6902 -0.0340386 -0.0139178 1.00161 -2.35194
0.679287 -0.740224 0.0125342 129.05 0.738832 0.679368 0.0338717 85.2959 -0.0335693 -0.0136629 1.00165 -2.3544
0.676287 -0.743077 0.00948558 129.615 0.741652 0.676257 0.0356312 85.9195 -0.0328723 -0.0169707 1.00164 -2.38046
0.673721 -0.745506 0.00597334 130.17 0.744052 0.67355 0.0379004 86.5417 -0.0322584 -0.0209911 1.00161 -2.4041
0.67345 -0.745813 0.00618423 130.72 0.744267 0.673258 0.0399103 87.1723 -0.0339028 -0.0221721 1.00155 -2.42722
0.672805 -0.746446 0.00742228 131.273 0.744769 0.672621 0.0422971 87.7955 -0.0365289 -0.0228233 1.00146 -2.45795
0.671628 -0.747564 0.00813636 131.82 0.745791 0.671451 0.0438593 88.4155 -0.038208 -0.0232795 1.00141 -2.49418
0.670074 -0.749019 0.00852232 132.356 0.747265 0.669958 0.0425643 89.0209 -0.0375495 -0.022044 1.00149 -2.51161
0.666714 -0.752078 0.00881783 132.88 0.750531 0.666755 0.0358746 89.6184 -0.0328343 -0.0171998 1.00177 -2.51773
0.662451 -0.755899 0.00935845 133.41 0.754454 0.662589 0.0316949 90.2424 -0.0301426 -0.0138411 1.00192 -2.53179
0.656962 -0.76072 0.0113304 133.926 0.759106 0.657126 0.03538 90.8413 -0.0343284 -0.0145438 1.0018 -2.57034
0.652025 -0.764951 0.0156717 134.459 0.763036 0.652286 0.0410942 91.467 -0.0416002 -0.0147334 1.00155 -2.60866
0.64806 -0.768275 0.0202694 135 0.765961 0.648447 0.0478794 92.1011 -0.0498406 -0.0153946 1.00118 -2.64866
0.645203 -0.77068 0.0226401 135.523 0.768035 0.64565 0.0530704 92.7299 -0.055408 -0.0167385 1.00089 -2.65344
0.641484 -0.773925 0.0199507 136.008 0.771403 0.641838 0.0512413 93.3337 -0.0523599 -0.0173653 1.00107 -2.68121
0.637159 -0.777605 0.0182531 136.495 0.775395 0.637547 0.0450475 93.9614 -0.0465836 -0.0144399 1.00142 -2.67062
0.631965 -0.781961 0.015793 137.001 0.780105 0.632367 0.036992 94.5885 -0.0388578 -0.0109563 1.00182 -2.69058
0.626172 -0.786745 0.0124248 137.537 0.784949 0.626478 0.0358208 95.2457 -0.0359188 -0.0125738 1.00193 -2.76099
0.620416 -0.791404 0.00987073 138.061 0.789453 0.620575 0.0404262 95.9187 -0.0380608 -0.017176 1.00181 -2.80366
0.614363 -0.796221 0.00691551 138.571 0.79414 0.614343 0.0445976 96.5958 -0.0396902 -0.0217853 1.00168 -2.82763
0.606819 -0.802093 0.0016782 139.04 0.800131 0.606633 0.0439414 97.2774 -0.0362055 -0.0251941 1.00175 -2.79751
0.599567 -0.807605 -0.0020402 139.52 0.805786 0.599326 0.0417325 97.9518 -0.0324356 -0.0265353 1.00187 -2.79306
0.593166 -0.812395 -0.00168104 140.017 0.8106 0.593001 0.0398049 98.6297 -0.0312995 -0.0248447 1.00197 -2.86531
0.58689 -0.817017 0.000266468 140.514 0.814986 0.586689 0.0444982 99.3226 -0.0364493 -0.025764 1.0018 -2.90766
0.580414 -0.821706 0.00119793 141.002 0.819387 0.580108 0.0504576 100.016 -0.0420683 -0.0281624 1.00154 -2.94454
0.573751 -0.826444 0.00277237 141.479 0.823825 0.57339 0.0555168 100.71 -0.0473592 -0.0294203 1.00129 -2.974
0.568174 -0.830354 0.00441066 141.939 0.82758 0.567867 0.0571654 101.402 -0.049848 -0.0286791 1.00121 -3.00949
0.564393 -0.833001 0.00429558 142.395 0.830224 0.564112 0.0567707 102.075 -0.0495877 -0.0283224 1.00126 -3.03014
0.560857 -0.835468 -5.35003e-05 142.856 0.832913 0.560465 0.0542545 102.775 -0.0451879 -0.0303177 1.00143 -3.01916
0.557704 -0.837625 -0.00595928 143.303 0.835333 0.557155 0.0519377 103.478 -0.0400925 -0.0337822 1.00156 -3.02285
0.554878 -0.839515 -0.0112886 143.745 0.83747 0.554228 0.0496675 104.18 -0.0353662 -0.0368459 1.00165 -3.06121
0.551968 -0.841499 -0.0114644 144.191 0.839284 0.551175 0.0537349 104.872 -0.0388078 -0.0391069 1.00146 -3.11913
0.550164 -0.842789 -0.00787672 144.672 0.840053 0.54922 0.0619351 105.608 -0.0477392 -0.0405079 1.00104 -3.16504
0.547525 -0.8446 -0.00479052 145.137 0.841339 0.546466 0.0691215 106.331 -0.0555911 -0.041685 1.00061 -3.19787
0.543119 -0.847525 -0.00205137 145.569 0.844294 0.542355 0.0660526 107.017 -0.0547001 -0.0374186 1.00085 -3.22663
0.539496 -0.849909 0.00235062 145.992 0.847077 0.539338 0.0549314 107.665 -0.0478179 -0.0274706 1.00155 -3.23362
0.533591 -0.853691 0.00553099 146.402 0.851227 0.533838 0.0443052 108.356 -0.0406727 -0.0187726 1.00208 -3.26141
0.527659 -0.857444 0.00610875 146.82 0.855174 0.528047 0.0382472 109.062 -0.0359394 -0.0148033 1.00235 -3.305
0.520986 -0.861615 0.00242032 147.268 0.858862 0.520986 0.051247 109.805 -0.0452859 -0.0244476 1.00181 -3.36797
0.514374 -0.865662 0.00123815 147.716 0.862452 0.514084 0.060572 110.538 -0.0529006 -0.0299036 1.00132 -3.40567
0.508771 -0.869012 0.00754947 148.158 0.865639 0.508864 0.0599211 111.257 -0.0557282 -0.0237716 1.00135 -3.41973
0.503183 -0.872245 0.0147301 148.589 0.868844 0.503754 0.0574238 111.966 -0.0573138 -0.0159262 1.00144 -3.4378
0.497881 -0.875205 0.0220052 149.008 0.872047 0.498953 0.0512704 112.687 -0.0556651 -0.0061802 1.00166 -3.44201
0.492247 -0.87838 0.0251118 149.4 0.876037 0.493497 0.0341248 113.413 -0.042248 0.0053377 1.00235 -3.4874
0.487047 -0.881302 0.0267902 149.823 0.879359 0.488282 0.0233682 114.138 -0.0336003 0.0123004 1.00263 -3.56162
0.48075 -0.884845 0.0264193 150.253 0.882661 0.48205 0.0293407 114.94 -0.0385944 0.00934172 1.00251 -3.5968
0.475877 -0.887543 0.0267594 150.659 0.884699 0.477299 0.0436327 115.694 -0.0513259 0.00304948 1.00201 -3.62606
0.471823 -0.889813 0.0257321 151.065 0.886317 0.473211 0.0548946 116.468 -0.0607965 -0.00294391 1.0015 -3.65412
0.468234 -0.891746 0.0269805 151.455 0.888318 0.469724 0.0533489 117.249 -0.0600217 -0.00086565 1.00158 -3.67362
0.46679 -0.892685 0.0231755 151.843 0.889667 0.468098 0.0456346 118.007 -0.0514028 -0.000538568 1.00208 -3.65816
0.464727 -0.894072 0.0111066 152.207 0.891322 0.465524 0.0405045 118.753 -0.0412517 -0.00876961 1.00253 -3.70841
0.462505 -0.895366 0.00264198 152.555 0.89287 0.463067 0.0355454 119.503 -0.0329592 -0.0139201 1.0028 -3.76446
0.461421 -0.89584 0.0168544 152.977 0.893234 0.462522 0.0350368 120.308 -0.03906 -0.000966747 1.0027 -3.82355
0.460398 -0.89632 0.0223043 153.384 0.893433 0.461758 0.0410489 121.086 -0.0469239 0.00117198 1.0024 -3.86853
0.459892 -0.896672 0.0215118 153.765 0.89334 0.461228 0.0494328 121.868 -0.0540354 -0.00336572 1.00206 -3.90394
0.458679 -0.897413 0.0195691 154.163 0.893944 0.459925 0.0516869 122.628 -0.0551634 -0.0060592 1.00201 -3.89116
0.456608 -0.898566 0.0187042 154.528 0.895461 0.457867 0.0442052 123.373 -0.0481016 -0.00328479 1.00241 -3.89608
0.454976 -0.899463 0.0189767 154.91 0.89675 0.456281 0.0347101 124.103 -0.039742 0.0013689 1.00281 -3.91035
0.453722 -0.90012 0.021292 155.316 0.897766 0.455083 0.0242048 124.859 -0.0313875 0.00826634 1.0031 -3.96527
0.452656 -0.900675 0.0235409 155.674 0.898286 0.454123 0.0252018 125.644 -0.0332876 0.00986927 1.00305 -4.02537
0.451533 -0.901281 0.024769 156.077 0.898476 0.453157 0.0357042 126.414 -0.0432412 0.00626805 1.00273 -4.07135
0.449722 -0.902268 0.0246641 156.457 0.899068 0.4514 0.0436253 127.185 -0.0502874 0.00269543 1.00245 -4.08172
0.44896 -0.902734 0.0242738 156.826 0.899646 0.450637 0.0408091 127.955 -0.0475845 0.00365441 1.0026 -4.0673
0.449446 -0.902584 0.0235968 157.184 0.899734 0.451094 0.0348827 128.716 -0.0419672 0.00568797 1.00287 -4.08525
0.44955 -0.902665 0.0213236 157.544 0.899938 0.451113 0.0308149 129.49 -0.0373002 0.00547176 1.00309 -4.12077
0.448943 -0.903077 0.0199462 157.922 0.900189 0.450493 0.0342152 130.271 -0.039733 0.00273257 1.00303 -4.17297
0.447906 -0.903669 0.0200383 158.299 0.900546 0.449494 0.0392334 131.077 -0.0442786 0.00061292 1.00288 -4.18906
0.447495 -0.904002 0.0176015 158.688 0.900629 0.44899 0.0442024 131.826 -0.0476555 -0.00378176 1.00275 -4.21846
0.44709 -0.904318 0.015574 159.047 0.900859 0.448507 0.0456951 132.56 -0.0480961 -0.00625007 1.00274 -4.24882
0.446645 -0.904634 0.0144763 159.409 0.901174 0.448041 0.0453371 133.294 -0.0472902 -0.00705255 1.00281 -4.25589
0.445889 -0.905156 0.00919204 159.775 0.901918 0.447117 0.0407125 134.05 -0.0407925 -0.00970672 1.0031 -4.27287
0.445174 -0.905621 0.00519442 160.108 0.902438 0.446282 0.0397725 134.804 -0.0381841 -0.0128567 1.00319 -4.33611
0.442989 -0.906745 0.00893058 160.475 0.903133 0.444174 0.0480558 135.512 -0.0473248 -0.0130606 1.00283 -4.38167
0.44111 -0.90769 0.013155 160.834 0.903599 0.442441 0.055778 136.218 -0.0561702 -0.0125556 1.00242 -4.43287
0.439927 -0.908197 0.0208479 161.174 0.903908 0.44172 0.0575048 136.924 -0.0611171 -0.00629918 1.00222 -4.45207
0.439494 -0.908427 0.0232381 161.516 0.904562 0.44148 0.0496024 137.618 -0.0550393 -0.000631324 1.00262 -4.41861
0.440385 -0.908145 0.0202383 161.826 0.90454 0.442249 0.044125 138.306 -0.0487828 -0.000975865 1.00297 -4.45812
0.441597 -0.907697 0.0170996 162.149 0.904308 0.443355 0.0389485 138.978 -0.0427354 -0.00158473 1.00327 -4.48935
0.44276 -0.907172 0.0187533 162.452 0.903997 0.444612 0.0330495 139.615 -0.0381503 0.00246723 1.00349 -4.52045
0.444502 -0.90636 0.0202471 162.752 0.90334 0.44642 0.0282779 140.236 -0.0345233 0.00586375 1.00363 -4.53344
0.448765 -0.904289 0.0216694 163.058 0.901318 0.450758 0.0265103 140.82 -0.0336002 0.00777455 1.00368 -4.53036
0.454152 -0.901621 0.0231198 163.332 0.898495 0.456268 0.0305914 141.404 -0.0379572 0.00701943 1.00357 -4.5464
0.459316 -0.898958 0.0268633 163.648 0.895514 0.461681 0.0382368 142.009 -0.0465369 0.00663101 1.00324 -4.57219
