0.503284 -0.863434 0.0344723 0.710477 0.863827 0.503753 0.00602725 0.542399 -0.0225697 0.0267447 0.999387 0.772435
0.502593 -0.863841 0.0343459 0.763989 0.864227 0.503064 0.00619176 0.626731 -0.0226269 0.0265707 0.999391 0.76756
0.500579 -0.865058 0.0331059 0.871807 0.865404 0.501032 0.00660902 0.794506 -0.0223043 0.0253416 0.99943 0.753498
0.496446 -0.867474 0.0321032 1.02005 0.867792 0.496881 0.00683466 1.05377 -0.0218803 0.0244658 0.999461 0.741468
0.491027 -0.87059 0.0310804 1.20032 0.870888 0.491435 0.00670596 1.37042 -0.0211121 0.0237747 0.999494 0.73777
0.484906 -0.874102 0.0284923 1.41668 0.874331 0.485274 0.00740951 1.70661 -0.0203033 0.0213188 0.999567 0.730859
0.479126 -0.877334 0.0269096 1.66666 0.877501 0.479491 0.0089251 2.07514 -0.0207332 0.019337 0.999598 0.723408
0.473647 -0.880334 0.0259098 1.95284 0.880449 0.474022 0.0106189 2.53753 -0.02163 0.0177826 0.999608 0.714373
0.468628 -0.883018 0.0258304 2.27615 0.883093 0.469033 0.0124855 3.09331 -0.0231402 0.0169596 0.999588 0.70351
0.464399 -0.885229 0.0265149 2.63532 0.885276 0.464849 0.0142011 3.74296 -0.0248967 0.016878 0.999548 0.69067
0.461778 -0.886561 0.0277576 3.03155 0.886625 0.462264 0.0144573 4.48576 -0.0256486 0.0179345 0.99951 0.672679
0.461872 -0.886448 0.0297275 3.45514 0.886602 0.462367 0.0123571 5.3179 -0.0246989 0.0206491 0.999482 0.658791
0.461061 -0.886842 0.0305504 3.85983 0.887019 0.461572 0.0121666 6.13395 -0.0248911 0.0214892 0.999459 0.642057
0.460115 -0.887267 0.0324285 4.26036 0.887509 0.460653 0.0112893 6.92399 -0.0249549 0.0235862 0.99941 0.62487
0.458854 -0.887964 0.0312015 4.65136 0.888207 0.459333 0.0100566 7.69701 -0.0232618 0.0230988 0.999462 0.608963
0.457469 -0.888765 0.0286146 5.04461 0.888988 0.457853 0.00837418 8.47142 -0.020544 0.0216071 0.999555 0.597841
0.456052 -0.889618 0.0244466 5.4452 0.889743 0.456369 0.00921286 9.26749 -0.0193526 0.0175496 0.999659 0.582817
0.455005 -0.890206 0.0224256 5.83823 0.89028 0.455299 0.0101877 10.06 -0.0192795 0.0153296 0.999697 0.570226
0.453804 -0.890801 0.0231457 6.2415 0.890861 0.454132 0.0114536 10.863 -0.020714 0.0154219 0.999666 0.559539
0.452559 -0.891399 0.0244633 6.65401 0.891461 0.452929 0.0123543 11.6789 -0.0220928 0.016217 0.999624 0.544885
0.451497 -0.891913 0.0253118 7.06137 0.891983 0.451891 0.0126346 12.4945 -0.0227071 0.0168732 0.9996 0.534926
0.450112 -0.89261 0.0254376 7.46625 0.892706 0.450491 0.0115833 13.3022 -0.0217988 0.0174945 0.999609 0.51729
0.44904 -0.893139 0.025809 7.8791 0.893255 0.449416 0.0110095 14.1303 -0.021432 0.0181103 0.999606 0.505291
0.448516 -0.893404 0.025727 8.29119 0.893477 0.448924 0.0128742 14.9576 -0.0230513 0.0172122 0.999586 0.49771
0.448666 -0.893351 0.0249474 8.69009 0.893382 0.449076 0.014118 15.7925 -0.0238156 0.0159532 0.999589 0.479277
0.449514 -0.8929 0.025824 9.10007 0.892898 0.449976 0.0159923 16.6193 -0.0258996 0.0158694 0.999539 0.466562
0.450683 -0.892253 0.0277287 9.52549 0.89217 0.45126 0.0199289 17.4561 -0.0302945 0.0157571 0.999417 0.451387
0.452379 -0.891268 0.031547 9.94585 0.8912 0.453104 0.021441 18.3012 -0.0334037 0.0184152 0.999272 0.42501
0.453794 -0.890459 0.0339625 10.3631 0.890508 0.454556 0.019345 19.1499 -0.0326638 0.0214653 0.999236 0.40936
0.454644 -0.890019 0.0341258 10.7796 0.890237 0.455286 0.0138357 20.0045 -0.027851 0.0240897 0.999322 0.385733
0.45602 -0.889459 0.0301243 11.2161 0.889685 0.456469 0.0098272 20.8664 -0.0224917 0.0223198 0.999498 0.378638
0.457222 -0.888979 0.0257651 11.672 0.889119 0.457575 0.00966776 21.7366 -0.0203839 0.0184879 0.999621 0.376878
0.457696 -0.888751 0.0252291 12.1073 0.888813 0.458091 0.0128219 22.6103 -0.0229527 0.0165554 0.999599 0.362606
0.45671 -0.889037 0.0320662 12.5427 0.889172 0.457324 0.0151078 23.4891 -0.028096 0.0216125 0.999372 0.330173
0.455315 -0.88935 0.0417763 13.0047 0.88978 0.456182 0.0137566 24.3544 -0.031292 0.0309082 0.999032 0.297711
0.453508 -0.889999 0.0472433 13.4606 0.890805 0.454322 0.00760666 25.2206 -0.0282336 0.0386349 0.998854 0.281518
0.452093 -0.890763 0.0464091 13.9106 0.891647 0.452719 0.00339466 26.1003 -0.0240341 0.0398458 0.998917 0.275276
0.45036 -0.891972 0.0395342 14.3476 0.892591 0.45085 0.00400566 27.0022 -0.0213969 0.0334839 0.99921 0.271484
0.448764 -0.892987 0.0344339 14.7859 0.89338 0.449243 0.00732139 27.8933 -0.0220071 0.0274769 0.99938 0.254994
0.447958 -0.893421 0.0336456 15.2494 0.893716 0.448506 0.0106226 28.779 -0.0245808 0.0253112 0.999377 0.224415
0.44719 -0.893828 0.0330459 15.6992 0.894036 0.447793 0.0134795 29.6852 -0.026846 0.0235163 0.999363 0.21201
0.44605 -0.8943 0.0355983 16.1331 0.894539 0.446751 0.014608 30.588 -0.0289675 0.0253282 0.999259 0.188148
0.445337 -0.894561 0.0378953 16.5752 0.894794 0.446164 0.0167839 31.494 -0.0319217 0.026434 0.999141 0.166945
0.444979 -0.894622 0.0405552 17.0192 0.894857 0.445952 0.0188958 32.4192 -0.0349903 0.0278829 0.998999 0.126414
0.444997 -0.894442 0.0441719 17.4758 0.894825 0.446064 0.0177662 33.3598 -0.0355944 0.0316202 0.998866 0.0925625
0.445155 -0.894243 0.0465531 17.9149 0.894803 0.446211 0.0149265 34.264 -0.0341204 0.0350113 0.998804 0.06468
0.445278 -0.894289 0.0444287 18.3409 0.89484 0.446198 0.0129984 35.1426 -0.0314483 0.0339686 0.998928 0.0302681
0.444776 -0.894785 0.039163 18.7693 0.895147 0.445558 0.0137507 36.0239 -0.0297533 0.0289407 0.999138 0.0220015
0.443609 -0.895494 0.0360815 19.2047 0.895712 0.444354 0.0158023 36.8803 -0.0301838 0.0253086 0.999224 0.0130718
0.442678 -0.895908 0.0372104 19.6355 0.896125 0.443483 0.0168017 37.7239 -0.0315549 0.0259074 0.999166 -0.00828989
0.441924 -0.896121 0.0408697 20.0541 0.896505 0.442787 0.0147809 38.5857 -0.031342 0.0301078 0.999055 -0.0366471
0.441534 -0.896316 0.0408066 20.4874 0.896798 0.442292 0.0114309 39.4995 -0.0282941 0.0315481 0.999102 -0.0687559
0.441418 -0.896545 0.0368361 20.9214 0.896947 0.442025 0.00996079 40.4231 -0.0252128 0.0286431 0.999272 -0.0880741
0.441199 -0.896773 0.0337872 21.3639 0.897048 0.441776 0.0117434 41.307 -0.0254575 0.0251276 0.99936 -0.104478
0.440991 -0.896855 0.0343111 21.8164 0.897037 0.441679 0.0156322 42.1637 -0.0291744 0.0238847 0.999289 -0.100829
0.441023 -0.896706 0.037638 22.2492 0.896922 0.441853 0.0172207 43.0284 -0.0320724 0.0261637 0.999143 -0.128206
0.440975 -0.896589 0.040854 22.67 0.896948 0.441861 0.0155743 43.8956 -0.0320155 0.029776 0.999044 -0.15856
0.440795 -0.896468 0.0452206 23.0897 0.897099 0.441681 0.0114106 44.7436 -0.0302023 0.0355376 0.998912 -0.17173
0.440246 -0.896661 0.0467175 23.4872 0.897394 0.44112 0.00987213 45.6087 -0.02946 0.0375778 0.998859 -0.170612
0.439877 -0.89677 0.0480904 23.8965 0.897489 0.440873 0.0120015 46.4704 -0.0319644 0.0378814 0.998771 -0.178683
0.438237 -0.897355 0.0519863 24.3178 0.8981 0.439511 0.0157072 47.3506 -0.0369435 0.0398054 0.998524 -0.207075
0.436884 -0.897776 0.0559483 24.7442 0.898579 0.438424 0.0184471 48.2235 -0.0410905 0.0422147 0.998263 -0.246641
0.435964 -0.898159 0.0569671 25.1739 0.899084 0.437463 0.0165609 49.0812 -0.0397953 0.0439982 0.998239 -0.274577
0.435528 -0.898607 0.0531096 25.5867 0.899547 0.43667 0.0116235 49.9086 -0.0336364 0.0427122 0.998521 -0.293306
0.435085 -0.899113 0.0479344 25.985 0.899994 0.435854 0.00642548 50.7416 -0.0266696 0.0403451 0.99883 -0.312054
0.434594 -0.899682 0.0412277 26.3658 0.900294 0.435222 0.00725972 51.5792 -0.0244746 0.033962 0.999123 -0.328855
0.433928 -0.900134 0.038293 26.7406 0.900554 0.434602 0.0110952 52.4065 -0.0266294 0.0296704 0.999205 -0.347925
0.433228 -0.900369 0.0406107 27.1262 0.900815 0.434017 0.0127454 53.2006 -0.0291013 0.0310611 0.999094 -0.358775
0.432039 -0.900843 0.0427027 27.5097 0.901377 0.432866 0.0120533 53.9935 -0.0293427 0.0332838 0.999015 -0.351821
0.430722 -0.901437 0.0434638 27.8876 0.902006 0.431562 0.0117804 54.7839 -0.0293766 0.0341305 0.998986 -0.361858
0.430048 -0.901767 0.0432884 28.2473 0.902322 0.430893 0.0120894 55.5592 -0.0295546 0.0338611 0.998989 -0.392417
0.428292 -0.902678 0.0416877 28.5934 0.903155 0.429118 0.0129687 56.3271 -0.0295955 0.0320961 0.999047 -0.410525
0.427148 -0.903306 0.039782 28.9421 0.903663 0.42798 0.0150702 57.0611 -0.0306389 0.0295122 0.999095 -0.425283
0.425903 -0.903998 0.0373395 29.2774 0.904165 0.426763 0.0189308 57.7585 -0.0330485 0.0256984 0.999123 -0.418203
0.4246 -0.904564 0.0384535 29.6117 0.904675 0.425563 0.0214222 58.4874 -0.0357422 0.0256921 0.999031 -0.424854
0.423035 -0.905249 0.039558 29.9361 0.905292 0.424107 0.0240871 59.2068 -0.0385817 0.0256218 0.998927 -0.447963
0.42174 -0.905904 0.0383899 30.2479 0.905913 0.422771 0.0242211 59.8899 -0.0381721 0.0245629 0.998969 -0.462597
0.421451 -0.906092 0.0370936 30.5403 0.90629 0.422277 0.0179035 60.5406 -0.031886 0.0260721 0.999151 -0.474407
0.42044 -0.906684 0.0339797 30.8318 0.906991 0.421002 0.0111867 61.1735 -0.0244483 0.0261159 0.99936 -0.489944
0.419586 -0.907198 0.0306522 31.1149 0.90749 0.419995 0.00811583 61.8123 -0.0202364 0.0244112 0.999497 -0.50108
0.418676 -0.907712 0.027754 31.3901 0.907872 0.419095 0.0112935 62.4382 -0.0218828 0.0204688 0.999551 -0.496245
0.417369 -0.908237 0.0301465 31.6526 0.908383 0.417902 0.014055 63.0568 -0.0253635 0.0215184 0.999447 -0.51701
0.416873 -0.908398 0.0321032 31.9223 0.908605 0.417442 0.0134091 63.6311 -0.025582 0.0235792 0.999395 -0.519689
0.417064 -0.908202 0.03502 32.1929 0.908615 0.41756 0.00794121 64.1804 -0.0218352 0.0285077 0.999355 -0.515277
0.417893 -0.907718 0.0375963 32.448 0.908335 0.418241 0.00152686 64.7198 -0.0171103 0.033512 0.999292 -0.525793
0.420367 -0.906638 0.0360374 32.6946 0.90724 0.420613 -0.000830221 65.2518 -0.0144051 0.0330435 0.99935 -0.538297
0.424492 -0.90487 0.0318734 32.9198 0.9053 0.424767 0.0020671 65.7801 -0.0154092 0.0279775 0.99949 -0.544793
0.429113 -0.902727 0.030767 33.153 0.903056 0.429479 0.00615698 66.2836 -0.0187719 0.0251423 0.999508 -0.559519
0.433869 -0.900398 0.0322607 33.3845 0.900663 0.434383 0.0107956 66.755 -0.0237339 0.0243721 0.999421 -0.545177
0.440698 -0.896847 0.0380864 33.6256 0.89722 0.441409 0.0124172 67.2179 -0.027948 0.0286997 0.999197 -0.522071
0.449428 -0.892397 0.0405383 33.8565 0.892804 0.450244 0.0134429 67.6756 -0.0302485 0.0301512 0.999088 -0.506748
0.461669 -0.886226 0.0382851 34.078 0.886522 0.462455 0.0146345 68.1379 -0.0306746 0.0271843 0.99916 -0.501421
0.476959 -0.878302 0.0331033 34.294 0.8784 0.477638 0.0165919 68.5654 -0.030384 0.0211643 0.999314 -0.515134
0.495908 -0.86783 0.0307496 34.5382 0.867818 0.496547 0.0182191 68.9598 -0.0310797 0.0176501 0.999361 -0.559772
0.517534 -0.855047 0.032458 34.8216 0.855019 0.518244 0.0191344 69.3467 -0.0331819 0.0178495 0.99929 -0.576005
0.54082 -0.840353 0.0363376 35.1048 0.840362 0.541672 0.019574 69.7299 -0.0361321 0.0199508 0.999148 -0.56832
0.566748 -0.823015 0.0379997 35.4006 0.822979 0.567688 0.020899 70.0938 -0.0387722 0.0194285 0.999059 -0.555876
0.596226 -0.801895 0.038444 35.7168 0.801787 0.597203 0.0220582 70.4199 -0.0406472 0.0176722 0.999017 -0.560292
0.628264 -0.777077 0.0378906 36.0063 0.776882 0.629226 0.0229752 70.7148 -0.0416952 0.015002 0.999018 -0.568298
0.662636 -0.747947 0.0385765 36.2923 0.747669 0.663634 0.0241276 71.0082 -0.0436468 0.0128546 0.998964 -0.596997
0.698767 -0.714348 0.037846 36.5901 0.714041 0.69971 0.0234766 71.28 -0.0432517 0.0106189 0.999008 -0.628839
0.737152 -0.674802 0.0353541 36.8978 0.674487 0.73796 0.0219857 71.5343 -0.0409258 0.00763909 0.999133 -0.633567
0.775945 -0.629867 0.03431 37.1879 0.629571 0.77668 0.0201859 71.7748 -0.0393623 0.00593739 0.999207 -0.648967
0.813687 -0.580343 0.0333904 37.4776 0.58001 0.814366 0.0199095 72.0233 -0.0387464 0.00316668 0.999244 -0.654122
0.849335 -0.526838 0.0327325 37.7942 0.526464 0.849966 0.0198573 72.2267 -0.0382831 0.000366982 0.999267 -0.669798
0.882168 -0.469816 0.0324478 38.1155 0.469465 0.882764 0.0181845 72.3781 -0.0371871 -0.000808696 0.999308 -0.688775
0.911232 -0.410558 0.0331433 38.4468 0.410239 0.911834 0.0162335 72.5109 -0.036886 -0.00119581 0.999319 -0.699941
0.935868 -0.350594 0.035138 38.8006 0.350212 0.936522 0.0166836 72.6222 -0.0387566 -0.00330792 0.999243 -0.701638
0.956237 -0.290179 0.0375127 39.1625 0.289686 0.956951 0.0180876 72.7119 -0.0411465 -0.00642914 0.999132 -0.710428
0.972493 -0.229606 0.0392211 39.5342 0.22902 0.973238 0.0188904 72.7741 -0.0425089 -0.0093883 0.999052 -0.71331
0.984784 -0.169265 0.0393619 39.9236 0.168682 0.985511 0.017726 72.8251 -0.041792 -0.0108166 0.999068 -0.719336
0.993125 -0.110264 0.0392914 40.3042 0.10979 0.993856 0.0140386 72.843 -0.040598 -0.00962829 0.999129 -0.714525
0.997787 -0.0539146 0.0389105 40.667 0.0534914 0.998498 0.011837 72.8373 -0.0394902 -0.0097294 0.999173 -0.710064
0.999261 0.000833523 0.0384219 41.0394 -0.0013649 0.999904 0.0138059 72.8273 -0.0384067 -0.0138481 0.999166 -0.717189
0.997902 0.0529588 0.0372394 41.42 -0.0536043 0.998425 0.0165547 72.808 -0.0363041 -0.0185161 0.999169 -0.740514
0.99412 0.102039 0.0362276 41.7927 -0.102631 0.994608 0.014875 72.7691 -0.0345144 -0.0185056 0.999233 -0.782211
0.988368 0.147825 0.0357229 42.1439 -0.148159 0.98894 0.00686408 72.6841 -0.0343131 -0.0120769 0.999338 -0.800323
0.981247 0.18927 0.0364742 42.5073 -0.189291 0.981917 -0.00289887 72.5955 -0.0363633 -0.00405974 0.99933 -0.79121
0.973588 0.225297 0.0369704 42.8878 -0.225207 0.974288 -0.00662912 72.523 -0.0375133 -0.00187195 0.999294 -0.757327
0.965844 0.256638 0.0358204 43.2762 -0.256718 0.966483 -0.00244329 72.4464 -0.0352468 -0.00683588 0.999355 -0.748956
0.958207 0.284091 0.0336244 43.6692 -0.284493 0.958647 0.00775383 72.3689 -0.0300311 -0.0169957 0.999404 -0.763857
0.950676 0.308569 0.031619 44.0631 -0.309137 0.950901 0.0148974 72.2719 -0.0254696 -0.0239372 0.999389 -0.785753
0.943151 0.331166 0.0281858 44.4629 -0.331629 0.943311 0.0136328 72.1285 -0.0220733 -0.0222051 0.99951 -0.794834
0.936045 0.351201 0.0218557 44.8423 -0.351416 0.936195 0.00680008 71.9473 -0.018073 -0.0140456 0.999738 -0.816638
0.929208 0.369297 0.013832 45.2446 -0.369363 0.929282 0.00246897 71.7653 -0.0119421 -0.00740324 0.999901 -0.8259
0.922564 0.385717 0.00987259 45.6736 -0.385768 0.922588 0.00383868 71.5989 -0.00762769 -0.00734995 0.999944 -0.827599
0.916408 0.400029 0.0131836 46.1248 -0.40013 0.916438 0.00615292 71.4266 -0.00962061 -0.0109137 0.999894 -0.834112
0.910548 0.413002 0.0182403 46.5814 -0.413177 0.910624 0.00700152 71.2445 -0.0137184 -0.0139117 0.999809 -0.830158
0.904929 0.424939 0.023026 47.0382 -0.425198 0.905068 0.00762364 71.0499 -0.0176005 -0.0166895 0.999706 -0.842052
0.899574 0.436076 0.0246003 47.4753 -0.436323 0.899773 0.00553095 70.8479 -0.0197228 -0.0157092 0.999682 -0.846184
0.894515 0.446468 0.0225922 47.9327 -0.446631 0.894715 0.00251768 70.6171 -0.0190895 -0.0123425 0.999742 -0.85967
0.890486 0.454629 0.0186152 48.4161 -0.454671 0.890657 -0.00216955 70.3782 -0.0175661 -0.00653185 0.999824 -0.868831
0.887783 0.459999 0.0155497 48.928 -0.45997 0.887917 -0.00564328 70.1394 -0.0164028 -0.00214239 0.999863 -0.878751
0.885644 0.464149 0.0141363 49.4307 -0.464111 0.885756 -0.00607936 69.8915 -0.0153431 -0.00117668 0.999882 -0.8848
0.883299 0.468553 0.0155151 49.9354 -0.468553 0.883427 -0.00381468 69.6114 -0.0154938 -0.00390013 0.999872 -0.897697
0.88142 0.472024 0.0170816 50.4599 -0.472078 0.881556 -0.000993904 69.3324 -0.0155275 -0.0071878 0.999854 -0.907379
0.879808 0.475006 0.017539 51.0108 -0.475055 0.879955 -0.00150237 69.0366 -0.0161471 -0.00701019 0.999845 -0.918189
0.878404 0.477617 0.0170096 51.5656 -0.477642 0.87855 -0.00280246 68.7441 -0.0162823 -0.0056628 0.999851 -0.912333
0.87725 0.47975 0.0164923 52.1399 -0.47975 0.877395 -0.00424107 68.4251 -0.0165049 -0.00419169 0.999855 -0.904551
0.876647 0.480893 0.0152574 52.7205 -0.480857 0.876777 -0.00619348 68.0999 -0.0163558 -0.00190714 0.999864 -0.924571
0.876809 0.480623 0.0144275 53.3202 -0.480559 0.876927 -0.00783797 67.745 -0.0164189 -6.08531e-05 0.999865 -0.932383
0.878152 0.47819 0.0135013 53.95 -0.47809 0.878253 -0.0100841 67.3919 -0.0166797 0.00240055 0.999858 -0.943074
0.880039 0.474736 0.0125214 54.5956 -0.474611 0.880117 -0.0117443 67.038 -0.0165958 0.0043926 0.999853 -0.947362
0.882314 0.470495 0.0124885 55.247 -0.470369 0.882391 -0.0117983 66.7075 -0.0165708 0.00453565 0.999852 -0.96816
0.884545 0.466287 0.0124823 55.9195 -0.466136 0.884614 -0.0132648 66.3428 -0.0172272 0.00591484 0.999834 -0.982424
0.886448 0.462652 0.012791 56.6215 -0.462492 0.886518 -0.0136667 65.9741 -0.0176624 0.00619905 0.999825 -0.992949
0.888146 0.459338 0.0143666 57.3279 -0.459181 0.888248 -0.0129606 65.6233 -0.0187144 0.00491405 0.999813 -0.992782
0.889935 0.455822 0.0155386 58.034 -0.455648 0.890057 -0.0135482 65.2765 -0.0200058 0.00497687 0.999787 -1.00429
0.892026 0.451722 0.0153522 58.7558 -0.451509 0.892132 -0.015494 64.926 -0.0206952 0.0068894 0.999762 -1.02121
0.89365 0.448551 0.0138402 59.4836 -0.448406 0.893744 -0.012409 64.5568 -0.0179357 0.00488328 0.999827 -1.02552
0.894388 0.447121 0.0123334 60.2379 -0.447083 0.894473 -0.0058632 64.1829 -0.0136534 -0.000270063 0.999907 -1.03147
0.894971 0.445989 0.0109548 60.9723 -0.446008 0.895029 -0.000801841 63.8357 -0.0101625 -0.0041683 0.99994 -1.03844
0.895015 0.445859 0.0125747 61.7068 -0.445937 0.895055 0.00408536 63.5056 -0.00943358 -0.00926399 0.999913 -1.03782
0.89468 0.446501 0.0135483 62.4596 -0.446573 0.894743 0.00269308 63.1203 -0.0109198 -0.00845977 0.999905 -1.05499
0.894483 0.446856 0.0148259 63.1962 -0.446919 0.894574 0.00108126 62.7594 -0.0127797 -0.00759314 0.999889 -1.05897
0.894536 0.446718 0.0157551 63.9445 -0.446775 0.894646 9.86181e-05 62.393 -0.0140512 -0.0071272 0.999876 -1.0537
0.894762 0.446274 0.0155428 64.6847 -0.446324 0.894871 -0.000226807 62.0475 -0.01401 -0.00673417 0.999879 -1.0394
0.894613 0.446591 0.014965 65.4165 -0.446644 0.894712 0.000261795 61.7001 -0.0132725 -0.00691825 0.999888 -1.03833
0.894293 0.447204 0.0157797 66.169 -0.447315 0.894367 0.0041934 61.3338 -0.0122375 -0.0108086 0.999867 -1.03078
0.893376 0.448982 0.0171852 66.9017 -0.449144 0.893432 0.00694611 60.9891 -0.0122352 -0.0139241 0.999828 -1.03347
0.89172 0.45217 0.0194174 67.6184 -0.452405 0.891757 0.00994541 60.6318 -0.0128186 -0.0176531 0.999762 -1.03566
0.889602 0.456142 0.0232961 68.3805 -0.456504 0.889619 0.013493 60.2426 -0.0145699 -0.0226381 0.999638 -1.03567
0.88699 0.461064 0.0258445 69.0973 -0.461483 0.887049 0.0133415 59.8865 -0.016774 -0.0237606 0.999577 -1.03001
0.883616 0.467454 0.0266315 69.8046 -0.467858 0.88373 0.0113997 59.5191 -0.0182062 -0.0225327 0.99958 -1.02424
0.879639 0.474913 0.0263099 70.5127 -0.475323 0.879728 0.012104 59.1373 -0.0173973 -0.0231529 0.99958 -1.03641
0.874953 0.483525 0.0257146 71.2095 -0.483946 0.874993 0.0135665 58.7572 -0.0159403 -0.0243145 0.999577 -1.04333
0.869637 0.493022 0.0257053 71.9005 -0.493448 0.869663 0.0139402 58.358 -0.0154821 -0.0248071 0.999572 -1.0432
0.86399 0.50274 0.0278386 72.5902 -0.503243 0.864011 0.0152386 57.9625 -0.0163918 -0.0271756 0.999496 -1.04991
0.858318 0.51232 0.0286196 73.284 -0.512831 0.858369 0.0144257 57.5453 -0.0171756 -0.0270588 0.999486 -1.04386
0.852437 0.522088 0.0278472 73.9777 -0.522547 0.852519 0.0125208 57.115 -0.0172033 -0.0252246 0.999534 -1.03268
0.846279 0.5321 0.0260942 74.6607 -0.532492 0.846364 0.0109601 56.6936 -0.0162534 -0.0231703 0.999599 -1.02405
0.840083 0.541911 0.0243534 75.3367 -0.542259 0.840144 0.010672 56.2728 -0.0146771 -0.0221712 0.999646 -1.03677
0.834149 0.551054 0.0231295 75.9958 -0.551374 0.834192 0.010514 55.8477 -0.0135006 -0.0215232 0.999677 -1.0461
0.829179 0.558539 0.022294 76.6376 -0.558847 0.829198 0.0109726 55.427 -0.0123576 -0.0215572 0.999691 -1.06291
0.82419 0.565851 0.0228723 77.254 -0.5662 0.82416 0.0133401 55.0026 -0.0113019 -0.023945 0.999649 -1.05696
0.81901 0.573317 0.0230191 77.8688 -0.573677 0.818961 0.0140336 54.5793 -0.0108061 -0.0246992 0.999636 -1.06376
0.813759 0.580724 0.0235521 78.4625 -0.581099 0.813709 0.0141878 54.141 -0.0109253 -0.0252316 0.999622 -1.07581
0.809277 0.586958 0.0234927 79.067 -0.587308 0.809271 0.0122188 53.7075 -0.0118401 -0.0236858 0.999649 -1.07769
0.805818 0.591723 0.0228222 79.6538 -0.59202 0.805871 0.00913885 53.2689 -0.0129841 -0.0208755 0.999698 -1.07951
0.803553 0.594826 0.0219927 80.236 -0.595042 0.803683 0.00439122 52.8286 -0.0150632 -0.0166152 0.999748 -1.06477
0.802052 0.596901 0.0205354 80.8178 -0.596999 0.80224 -0.00158968 52.4247 -0.0174232 -0.0109846 0.999788 -1.0522
0.801046 0.598277 0.019768 81.3826 -0.598301 0.801254 -0.00534513 52.0297 -0.019037 -0.00754549 0.99979 -1.04884
0.800515 0.599015 0.018883 81.9133 -0.599016 0.800713 -0.00618777 51.6357 -0.0188264 -0.00635782 0.999803 -1.08076
0.801141 0.598184 0.0186609 82.44 -0.598221 0.80132 -0.00416515 51.2275 -0.0174449 -0.00782649 0.999817 -1.09041
0.802666 0.596221 0.0157328 82.9606 -0.596224 0.802802 -0.00501915 50.8441 -0.0156229 -0.00535159 0.999864 -1.09207
0.805322 0.592668 0.0141685 83.4771 -0.592673 0.805432 -0.00428911 50.4691 -0.0139538 -0.00494318 0.99989 -1.07435
0.810134 0.586095 0.0132811 83.9872 -0.586103 0.810228 -0.00370707 50.1088 -0.0129334 -0.00478087 0.999905 -1.07563
0.81629 0.577514 0.012176 84.4692 -0.577491 0.816378 -0.00564277 49.7583 -0.013199 -0.0024254 0.99991 -1.07494
0.823896 0.566648 0.0102478 84.959 -0.566599 0.82396 -0.00748621 49.4426 -0.0126858 0.000361481 0.999919 -1.05515
0.832921 0.553289 0.0106897 85.4249 -0.553267 0.832988 -0.00517989 49.1604 -0.0117703 -0.0015998 0.999929 -1.06176
0.843513 0.537021 0.00967201 85.8894 -0.537023 0.843564 -0.0026144 48.9203 -0.00956294 -0.00298881 0.99995 -1.06946
0.855865 0.517128 0.00856924 86.3461 -0.517141 0.8559 -0.000894821 48.6787 -0.00779715 -0.00366566 0.999963 -1.07904
0.869121 0.494549 0.00711617 86.8199 -0.494564 0.869141 0.000456949 48.4449 -0.00595897 -0.00391655 0.999974 -1.08166
0.884225 0.467029 0.0054189 87.3016 -0.467034 0.884239 -0.000397287 48.2536 -0.00497715 -0.00217952 0.999985 -1.08438
0.900303 0.435236 0.00479159 87.8095 -0.435233 0.900316 -0.00189671 48.0813 -0.00513946 -0.000377838 0.999987 -1.10093
0.917516 0.397658 0.00565204 88.3131 -0.397644 0.917534 -0.00334887 47.9324 -0.00651764 0.00082514 0.999978 -1.11904
0.934264 0.356477 0.00862502 88.7974 -0.356462 0.934304 -0.00319168 47.7935 -0.00919616 -9.26189e-05 0.999958 -1.1234
0.950147 0.31154 0.0127812 89.2901 -0.311547 0.95023 -0.0015048 47.6734 -0.0126139 -0.00255217 0.999917 -1.10775
0.964813 0.262445 0.0160529 89.7811 -0.262463 0.964942 -0.00104446 47.5976 -0.0157642 -0.00320557 0.999871 -1.09944
0.977766 0.208972 0.0174376 90.2477 -0.209003 0.977915 -4.62256e-05 47.5338 -0.0170621 -0.0035993 0.999848 -1.08775
0.988539 0.149966 0.0173504 90.7305 -0.15 0.988686 0.000623283 47.5157 -0.0170607 -0.0032187 0.999849 -1.06843
0.996171 0.0863796 0.0134823 91.2077 -0.0863696 0.996262 -0.00132557 47.5256 -0.0135464 0.000156036 0.999908 -1.0548
0.999791 0.0187123 0.00827318 91.6755 -0.0186804 0.999818 -0.00391754 47.5515 -0.00834498 0.00376217 0.999958 -1.0545
0.998634 -0.0520614 0.00435218 92.139 0.0520828 0.99863 -0.00496769 47.6371 -0.0040876 0.00518758 0.999978 -1.07161
0.992346 -0.123478 0.00155593 92.6245 0.123484 0.992336 -0.00466835 47.7264 -0.000967566 0.00482476 0.999988 -1.07723
0.981035 -0.193832 -0.000713759 93.111 0.193826 0.981024 -0.00486689 47.8364 0.00164357 0.00463624 0.999988 -1.07976
0.965209 -0.261478 -0.000856821 93.5703 0.261471 0.9652 -0.00471912 47.9759 0.00206095 0.00433091 0.999988 -1.0876
0.945336 -0.326095 0.00153933 94.0023 0.326099 0.945323 -0.00494627 48.1412 0.000157794 0.00517786 0.999987 -1.07307
0.921274 -0.388872 0.00563847 94.415 0.388899 0.921268 -0.00486848 48.3357 -0.00330132 0.006678 0.999972 -1.06919
0.893051 -0.449835 0.0104235 94.8114 0.449876 0.893089 -0.0019564 48.5617 -0.00842902 0.00643644 0.999944 -1.06301
0.862528 -0.505796 0.0146969 95.2153 0.505829 0.862632 0.00168964 48.8114 -0.0135327 0.00597677 0.999891 -1.06185
0.831254 -0.555602 0.0179612 95.5894 0.555622 0.831424 0.00429932 49.0944 -0.0173221 0.00640579 0.999829 -1.03758
0.801 -0.598345 0.0195683 95.9586 0.59833 0.801217 0.00726379 49.3754 -0.0200247 0.00589001 0.999782 -1.01235
0.773751 -0.633242 0.0177056 96.2895 0.633154 0.773949 0.0109447 49.6485 -0.0206339 0.00274189 0.999783 -0.997454
0.749118 -0.662282 0.0142859 96.6151 0.662133 0.749254 0.0140916 49.9598 -0.0200364 -0.00109711 0.999799 -1.01551
0.726834 -0.686729 0.0107085 96.9136 0.68659 0.726907 0.0141383 50.3015 -0.0174933 -0.00292383 0.999843 -1.05431
0.710032 -0.704097 0.0100815 97.2206 0.704003 0.710103 0.0115709 50.624 -0.015306 -0.00111833 0.999882 -1.07244
0.697241 -0.716731 0.0122865 97.5412 0.716682 0.697344 0.00883039 50.9578 -0.0148969 0.0026486 0.999886 -1.08307
0.688725 -0.724897 0.0134916 97.8853 0.724848 0.688848 0.00914016 51.313 -0.0159194 0.0034843 0.999867 -1.07219
0.68193 -0.731339 0.010699 98.2319 0.73123 0.682013 0.012688 51.6931 -0.016576 -0.00082889 0.999862 -1.06798
0.677977 -0.735062 0.00549019 98.592 0.734918 0.677965 0.0161387 52.0851 -0.0155851 -0.00690685 0.999855 -1.06268
0.676738 -0.736222 -0.00154862 98.9432 0.736118 0.676603 0.0184124 52.5182 -0.0125078 -0.0136003 0.999829 -1.07316
0.67711 -0.735838 -0.00798423 99.3149 0.735834 0.676903 0.01873 52.9446 -0.00837774 -0.0185574 0.999793 -1.08782
0.678943 -0.734116 -0.0104544 99.6865 0.734172 0.678753 0.0169364 53.3569 -0.00533734 -0.0191741 0.999802 -1.08942
0.681924 -0.731367 -0.00903299 100.077 0.731422 0.681849 0.0101915 53.7618 -0.00129458 -0.0135567 0.999907 -1.09214
0.685488 -0.728037 -0.00828772 100.444 0.728079 0.68548 0.00415587 54.1865 0.00265545 -0.00888292 0.999957 -1.06681
0.689494 -0.724218 -0.0102763 100.817 0.724273 0.689509 0.00262447 54.6195 0.00518491 -0.0092524 0.999944 -1.05105
0.693345 -0.720505 -0.0120424 101.227 0.720595 0.693329 0.00615897 55.0499 0.00391176 -0.012948 0.999909 -1.0566
0.69673 -0.717271 -0.00947524 101.681 0.717333 0.696663 0.00968174 55.5063 -0.000343387 -0.0135425 0.999908 -1.07531
0.699705 -0.714405 -0.00622236 102.119 0.714408 0.699585 0.0141743 55.966 -0.00577314 -0.0143632 0.99988 -1.10037
0.702262 -0.711916 -0.00188318 102.584 0.711845 0.70215 0.0162023 56.4401 -0.0102124 -0.0127188 0.999867 -1.1322
0.70417 -0.710025 0.00295916 103.057 0.709929 0.704133 0.014042 56.8998 -0.0120538 -0.00778717 0.999897 -1.14574
0.704979 -0.709212 0.00481738 103.535 0.709159 0.704988 0.00918404 57.3794 -0.00990963 -0.00305826 0.999946 -1.13842
0.704606 -0.709593 0.00279084 104.001 0.709583 0.704612 0.00383247 57.8332 -0.00468595 -0.000720051 0.999989 -1.11988
0.703818 -0.710375 -0.00283395 104.479 0.71038 0.703818 0.00131117 58.3252 0.00106316 -0.00293601 0.999995 -1.12589
0.702273 -0.711862 -0.00804152 104.951 0.711879 0.702301 -0.000951908 58.8331 0.00632519 -0.00505609 0.999967 -1.11103
0.699888 -0.714191 -0.00938544 105.457 0.714216 0.699925 -0.000910755 59.3524 0.00721955 -0.0060658 0.999956 -1.07439
0.698029 -0.71605 -0.00534956 105.972 0.716066 0.698031 0.00175674 59.8853 0.00247625 -0.00505689 0.999984 -1.07122
0.696247 -0.717801 -0.00130358 106.469 0.717788 0.696221 0.00749572 60.3938 -0.00447285 -0.00615457 0.999971 -1.10327
0.694572 -0.719422 0.00128833 106.981 0.719392 0.694557 0.00809007 60.9241 -0.006715 -0.00469233 0.999966 -1.10797
0.693452 -0.720503 0.000847729 107.493 0.720491 0.693446 0.00507081 61.4791 -0.00424139 -0.00290558 0.999987 -1.09183
0.691441 -0.722432 -0.00136813 108.023 0.722433 0.691439 0.00155488 62.0646 -0.000177312 -0.00206349 0.999998 -1.07226
0.688826 -0.72491 -0.00498525 108.557 0.724914 0.688839 -0.0012781 62.6421 0.00436054 -0.00273348 0.999987 -1.05458
0.686106 -0.727466 -0.0072515 109.094 0.727478 0.68613 -0.00134811 63.2221 0.00595618 -0.00435036 0.999973 -1.06064
0.683 -0.730388 -0.00658419 109.65 0.730406 0.683013 0.000335278 63.8038 0.00425221 -0.00503813 0.999978 -1.07078
0.680758 -0.732482 -0.00625526 110.215 0.732508 0.680743 0.00450997 64.372 0.000954752 -0.00765223 0.99997 -1.07603
0.678975 -0.734141 -0.00549686 110.797 0.73416 0.678938 0.00725744 64.9691 -0.00159596 -0.00896319 0.999959 -1.08548
0.678367 -0.73472 -0.00203863 111.366 0.734715 0.678345 0.00643286 65.559 -0.00334346 -0.00586166 0.999977 -1.08994
0.678314 -0.734772 0.000572832 111.919 0.73476 0.678306 0.00538052 66.1764 -0.00434201 -0.00322878 0.999985 -1.1009
0.678854 -0.734267 0.00298491 112.458 0.734267 0.678859 0.00140133 66.8009 -0.00305528 0.00124042 0.999995 -1.08157
0.679532 -0.733646 -0.000238837 113.012 0.733646 0.679531 0.0014071 67.4369 -0.000870018 -0.00113139 0.999999 -1.06535
0.680615 -0.732578 -0.00966692 113.587 0.732641 0.680572 0.00767823 68.0973 0.000954139 -0.0123083 0.999924 -1.04844
0.682336 -0.73082 -0.0178823 114.169 0.731037 0.682184 0.0144782 68.7485 0.00161806 -0.0229516 0.999735 -1.03109
0.684486 -0.728687 -0.0222294 114.749 0.729026 0.6842 0.0198089 69.3565 0.000774849 -0.0297647 0.999557 -1.02812
0.686462 -0.726858 -0.0211582 115.331 0.727166 0.686167 0.0201187 69.9899 -0.000105391 -0.0291963 0.999574 -1.02411
0.68849 -0.724989 -0.019292 115.909 0.725246 0.688251 0.0181301 70.6303 0.000133595 -0.0264739 0.99965 -1.026
0.689675 -0.723958 -0.0152822 116.485 0.724119 0.689544 0.0134297 71.243 0.000815183 -0.0203283 0.999793 -1.02635
0.689671 -0.724046 -0.0105786 117.075 0.72412 0.689635 0.00728146 71.859 0.00202326 -0.012682 0.999918 -1.01497
0.690017 -0.723735 -0.00921228 117.681 0.723788 0.690004 0.00505105 72.4724 0.00270088 -0.010153 0.999945 -0.989208
0.690813 -0.722973 -0.00938703 118.278 0.723032 0.690777 0.0071664 73.0804 0.00130324 -0.0117378 0.99993 -0.976269
0.691797 -0.722011 -0.0108268 118.866 0.722089 0.691675 0.0131385 73.7212 -0.00199753 -0.0169071 0.999855 -0.965894
0.693037 -0.720832 -0.0100777 119.461 0.720871 0.692808 0.0190353 74.3529 -0.00673933 -0.0204569 0.999768 -0.961645
0.693793 -0.72011 -0.00963116 120.046 0.72015 0.693596 0.0175825 74.956 -0.00598121 -0.0191345 0.999799 -0.973295
0.693751 -0.720131 -0.0110001 120.624 0.720212 0.693707 0.00806909 75.5536 0.00182003 -0.0135203 0.999907 -1.0131
0.693642 -0.720191 -0.0136486 121.206 0.720213 0.693741 -0.00412884 76.1465 0.0124422 -0.00696598 0.999898 -1.01317
0.693076 -0.720706 -0.015106 121.805 0.720664 0.693226 -0.0090558 76.7559 0.0169985 -0.00461002 0.999845 -1.01752
0.692662 -0.721127 -0.0139487 122.404 0.721076 0.692794 -0.00932701 77.3863 0.0163896 -0.00359762 0.999859 -0.996742
0.692002 -0.721871 -0.00593642 123.021 0.721844 0.692028 -0.0062694 78.0134 0.00863387 5.32744e-05 0.999963 -0.999386
0.690535 -0.723298 0.00112153 123.604 0.723296 0.690535 0.00179508 78.6328 -0.00207284 -0.000428368 0.999998 -1.00224
0.68941 -0.724371 0.000574024 124.132 0.724339 0.689387 0.00883368 79.2411 -0.00679459 -0.00567424 0.999961 -0.959854
0.688968 -0.724774 -0.00499255 124.655 0.724788 0.688927 0.00787589 79.8159 -0.00226874 -0.00904478 0.999957 -0.953264
0.688185 -0.725472 -0.00958634 125.213 0.725525 0.688185 0.00386449 80.4075 0.00379359 -0.00961462 0.999947 -0.940909
0.686642 -0.726889 -0.0124129 125.791 0.72695 0.68669 0.000555011 81.019 0.00812037 -0.00940464 0.999923 -0.918836
0.684013 -0.729353 -0.0130559 126.359 0.729409 0.684077 -0.000626673 81.6481 0.00938833 -0.00909447 0.999915 -0.913545
0.680236 -0.732926 -0.00991829 126.916 0.73293 0.680293 -0.00394189 82.2759 0.00963645 -0.004588 0.999943 -0.88966
0.676848 -0.736053 -0.0100741 127.451 0.736062 0.676905 -0.00353909 82.8851 0.0094242 -0.00501977 0.999943 -0.874653
0.674895 -0.737822 -0.0116828 127.979 0.737862 0.67495 -0.00115033 83.4722 0.00873404 -0.00784393 0.999931 -0.854975
0.673671 -0.73893 -0.0122467 128.523 0.738993 0.673712 0.00102623 84.0566 0.00749244 -0.00974156 0.999924 -0.860368
0.672882 -0.739677 -0.01035 129.059 0.739732 0.672897 0.00247671 84.6482 0.00513249 -0.00932272 0.999943 -0.887867
0.67187 -0.740631 -0.00748094 129.591 0.740663 0.671871 0.00282676 85.2535 0.00293264 -0.00744007 0.999968 -0.899735
0.670489 -0.741901 -0.00517763 130.131 0.74191 0.670499 -0.000258291 85.8624 0.00366322 -0.00366815 0.999986 -0.880011
0.667703 -0.744412 -0.00485788 130.672 0.744396 0.66772 -0.00495937 86.4807 0.00693552 -0.000304806 0.999976 -0.829907
0.663269 -0.748368 -0.00434627 131.218 0.74832 0.663278 -0.0088508 87.1037 0.00950644 0.00261806 0.999951 -0.79764
0.657942 -0.753062 -0.00303337 131.746 0.753013 0.657938 -0.0094048 87.6984 0.00907817 0.00390364 0.999951 -0.806789
0.65298 -0.757375 4.57929e-05 132.271 0.757352 0.65296 -0.00775149 88.3126 0.00584089 0.00509625 0.99997 -0.816433
0.648511 -0.761198 0.00344033 132.824 0.761205 0.648508 -0.00206478 88.9417 -0.000659374 0.00395783 0.999992 -0.866275
0.644919 -0.764215 0.00738653 133.341 0.764198 0.644958 0.00556347 89.56 -0.00901569 0.00205678 0.999957 -0.861215
0.64183 -0.766775 0.0104887 133.827 0.766743 0.641908 0.0076579 90.1522 -0.0126047 0.00312708 0.999916 -0.778482
0.637806 -0.770134 0.0098369 134.297 0.770153 0.637854 0.00255563 90.7355 -0.00824269 0.00594592 0.999948 -0.716158
0.633036 -0.774074 0.00858 134.805 0.774121 0.633012 -0.00563482 91.3535 -0.00106948 0.010209 0.999947 -0.722769
0.627503 -0.778596 0.00535089 135.31 0.778594 0.627422 -0.0115189 91.9849 0.00561133 0.0113943 0.999919 -0.754551
0.62171 -0.783248 -8.31085e-05 135.819 0.783197 0.62167 -0.0113412 92.6297 0.00893462 0.00698583 0.999936 -0.803715
0.615372 -0.788217 -0.00562262 136.338 0.788171 0.615397 -0.00853436 93.3024 0.0101871 0.000820221 0.999948 -0.819887
0.607922 -0.793938 -0.00971171 136.819 0.793916 0.607989 -0.00685874 93.981 0.01135 -0.0035407 0.999929 -0.786012
0.600687 -0.799401 -0.0114922 137.294 0.799391 0.600775 -0.00660967 94.6401 0.012188 -0.00521639 0.999912 -0.749592
0.593488 -0.804773 -0.0106282 137.762 0.804758 0.593565 -0.00669627 95.2964 0.0116975 -0.00457894 0.999921 -0.718934
0.586848 -0.809621 -0.0111344 138.242 0.809652 0.586905 -0.00254241 95.9928 0.00859323 -0.00752299 0.999935 -0.717904
0.580439 -0.814234 -0.0106248 138.723 0.814292 0.580451 0.00216391 96.6763 0.00440527 -0.00990774 0.999941 -0.721889
0.574197 -0.818666 -0.00911238 139.198 0.818717 0.57416 0.00655157 97.3541 -0.00013159 -0.0112224 0.999937 -0.723739
0.568458 -0.822684 -0.00675831 139.661 0.822695 0.568374 0.011135 98.0292 -0.00531934 -0.0118898 0.999915 -0.695402
0.564201 -0.825622 -0.00501288 140.107 0.825595 0.5641 0.0135339 98.7148 -0.0083461 -0.0117744 0.999896 -0.675777
0.561135 -0.827693 -0.00721177 140.556 0.8277 0.56103 0.0126094 99.3998 -0.00639073 -0.0130448 0.999894 -0.658557
0.558235 -0.829575 -0.0133879 141.012 0.829682 0.558179 0.007994 100.092 0.000841222 -0.0155702 0.999878 -0.657587
0.555559 -0.831256 -0.0191676 141.45 0.831439 0.555607 0.00321964 100.777 0.00797332 -0.0177254 0.999811 -0.670971
0.55331 -0.832654 -0.02316 141.915 0.832913 0.553396 0.00307583 101.462 0.0102555 -0.0209921 0.999727 -0.67788
0.551089 -0.834097 -0.024147 142.399 0.834414 0.551094 0.00707119 102.18 0.00740919 -0.0240454 0.999683 -0.679903
0.548847 -0.835606 -0.0230055 142.855 0.835923 0.548646 0.0148506 102.905 0.000212659 -0.0273815 0.999625 -0.682697
0.545161 -0.838134 -0.0181929 143.303 0.838299 0.544821 0.0206047 103.606 -0.00735761 -0.0264839 0.999622 -0.679406
0.540239 -0.841438 -0.0111488 143.741 0.841474 0.540042 0.0166249 104.245 -0.00796802 -0.0183629 0.9998 -0.656202
0.534582 -0.845106 -0.00430192 144.158 0.845115 0.534563 0.00485238 104.894 -0.00180113 -0.00622961 0.999979 -0.637106
0.528684 -0.848807 -0.00446805 144.557 0.848808 0.528697 -0.00228885 105.586 0.00430503 -0.00258244 0.999987 -0.629729
0.522667 -0.85248 -0.00980077 144.993 0.852519 0.522696 -0.000492066 106.323 0.0055423 -0.00809815 0.999952 -0.667145
0.515992 -0.856481 -0.0138943 145.427 0.856586 0.515988 0.00417349 107.055 0.00359475 -0.0140551 0.999895 -0.691887
0.510482 -0.859825 -0.0103864 145.889 0.859888 0.510434 0.00708289 107.785 -0.00078846 -0.0125469 0.999921 -0.703958
0.505852 -0.862603 0.00540382 146.336 0.862604 0.505871 0.00289522 108.507 -0.00523106 0.0031968 0.999981 -0.67258
0.500438 -0.865498 0.0218118 146.741 0.86575 0.500446 -0.00548641 109.196 -0.00616717 0.0216292 0.999747 -0.634665
0.494493 -0.868851 0.0239854 147.13 0.869181 0.494259 -0.0152596 109.889 0.00140332 0.0283934 0.999596 -0.620245
0.488485 -0.872314 0.021225 147.536 0.872517 0.488035 -0.0231416 110.6 0.00982826 0.0298235 0.999507 -0.625615
0.482129 -0.876015 0.0122372 147.942 0.876016 0.481842 -0.0205682 111.338 0.0121217 0.0206365 0.999714 -0.612151
0.477613 -0.878561 0.00410012 148.368 0.878525 0.477537 -0.0123361 112.144 0.00888007 0.00949395 0.999915 -0.597553
0.473467 -0.880793 0.00570191 148.777 0.880812 0.473452 -0.00372183 112.951 0.000578583 0.00678447 0.999977 -0.580061
0.469863 -0.882572 0.0171933 149.177 0.8827 0.469937 0.000249262 113.71 -0.00829977 0.0150594 0.999852 -0.583648
0.467802 -0.883565 0.021768 149.559 0.883804 0.467844 -0.00344489 114.462 -0.00714022 0.0208501 0.999757 -0.586698
0.465881 -0.884697 0.0163312 149.9 0.884844 0.465749 -0.0113756 115.184 0.00245777 0.0197502 0.999802 -0.573195
0.464305 -0.885656 0.00582597 150.247 0.885591 0.46416 -0.0168577 115.917 0.0122259 0.0129865 0.999841 -0.553148
0.46259 -0.886571 0.00176285 150.632 0.886422 0.462474 -0.0193394 116.681 0.0163305 0.0105088 0.999811 -0.519582
0.461786 -0.886986 0.00313295 151.044 0.886886 0.461674 -0.0170159 117.448 0.0136465 0.0106363 0.99985 -0.48896
0.462101 -0.886817 0.00431765 151.466 0.886803 0.462047 -0.00969853 118.208 0.00660587 0.00831061 0.999944 -0.481897
0.461359 -0.887171 0.0087461 151.877 0.887212 0.461354 -0.00265437 118.974 -0.00168017 0.00898427 0.999958 -0.500287
0.459047 -0.888304 0.013864 152.241 0.888405 0.459047 -0.00336909 119.722 -0.00337145 0.0138634 0.999898 -0.530424
0.456664 -0.889499 0.015826 152.627 0.88963 0.456504 -0.0127479 120.458 0.00411458 0.0199008 0.999793 -0.523183
0.454503 -0.890666 0.0119194 153.009 0.890648 0.454214 -0.0208976 121.188 0.0131988 0.020114 0.999711 -0.53794
0.453843 -0.891077 0.00265354 153.389 0.890894 0.453685 -0.0218482 121.942 0.0182646 0.0122797 0.999758 -0.489264
0.452817 -0.891592 -0.00460736 153.775 0.891453 0.452829 -0.0160203 122.722 0.0163699 0.00314702 0.999861 -0.4237
0.451901 -0.892055 0.00488388 154.155 0.892018 0.451811 -0.0130771 123.506 0.00945889 0.0102661 0.999903 -0.407562
0.4506 -0.892574 0.0164847 154.522 0.892716 0.45043 -0.0130756 124.285 0.00424574 0.020608 0.999779 -0.420472
0.450119 -0.892914 0.00990647 154.896 0.892953 0.450019 -0.010853 125.035 0.00523267 0.0137311 0.999892 -0.446334
0.450368 -0.89284 0.00244045 155.261 0.892805 0.450322 -0.0104301 125.787 0.00821344 0.00687623 0.999943 -0.449729
0.450467 -0.89279 -0.0024165 155.63 0.89273 0.450465 -0.0106815 126.542 0.0106249 0.00265439 0.99994 -0.411431
0.449773 -0.893137 -0.00318723 156.003 0.89308 0.449781 -0.0102599 127.296 0.010597 0.00176816 0.999942 -0.359735
0.449582 -0.893239 -0.000447229 156.405 0.8932 0.449567 -0.00907024 128.047 0.00830295 0.00367835 0.999959 -0.320223
0.449046 -0.893506 0.00225141 156.775 0.893492 0.44902 -0.00732243 128.811 0.0055317 0.00529972 0.999971 -0.302703
0.448077 -0.893993 0.00211551 157.139 0.893981 0.448055 -0.00660975 129.565 0.00496121 0.0048529 0.999976 -0.311526
0.447107 -0.894479 -0.0018186 157.486 0.894433 0.447103 -0.00938131 130.289 0.00920448 0.00256783 0.999954 -0.310582
0.445849 -0.895086 -0.00630347 157.826 0.895021 0.445892 -0.010844 131.011 0.012517 -0.000806934 0.999921 -0.272123
0.444826 -0.895605 -0.00462246 158.173 0.895559 0.44485 -0.00909215 131.725 0.0101993 -9.52585e-05 0.999948 -0.285297
0.44283 -0.896597 0.00395934 158.531 0.896602 0.442811 -0.00475 132.461 0.0025056 0.00565339 0.999981 -0.2575
0.441574 -0.897135 0.0126739 158.893 0.897209 0.441607 -0.000200449 133.155 -0.00541704 0.0114596 0.99992 -0.238398
0.440723 -0.897547 0.0131593 159.232 0.897626 0.440758 -0.000326693 133.818 -0.00550683 0.0119561 0.999913 -0.233819
0.441322 -0.897317 0.0075463 159.551 0.897348 0.441298 -0.00472731 134.45 0.00091173 0.00885792 0.99996 -0.216838
0.442847 -0.896596 0.00177815 159.851 0.896554 0.442805 -0.0107438 135.062 0.0088455 0.00635208 0.999941 -0.193065
